M [M_sun]	stat_err M	sys_err M	R [km]	stat_err R	sys_err R	stability
1.396761e-01	3.256921e-03	7.700000e-06	1.395291e+06	4.182181e+04	4.200000e+02	1
1.493214e-01	3.482093e-03	6.600000e-06	1.365226e+06	4.098038e+04	4.640000e+02	1
1.583809e-01	3.693720e-03	5.700000e-06	1.339848e+06	4.028999e+04	8.770000e+02	1
1.750988e-01	4.084087e-03	2.800000e-06	1.297584e+06	3.899996e+04	1.044000e+03	1
1.828845e-01	4.265906e-03	3.100000e-06	1.278342e+06	3.851122e+04	1.195000e+03	1
1.903534e-01	4.440235e-03	1.100000e-06	1.262962e+06	3.798174e+04	7.170000e+02	1
2.044723e-01	4.769873e-03	4.000000e-07	1.233216e+06	3.715009e+04	2.680000e+02	1
2.176771e-01	5.078126e-03	1.100000e-06	1.207678e+06	3.645726e+04	4.640000e+02	1
2.301257e-01	5.368752e-03	2.000000e-06	1.186133e+06	3.577923e+04	4.710000e+02	1
2.419345e-01	5.644413e-03	3.200000e-06	1.167319e+06	3.526370e+04	4.930000e+02	1
2.586378e-01	6.034295e-03	4.000000e-06	1.141760e+06	3.446582e+04	6.660000e+02	1
2.743256e-01	6.400493e-03	5.300000e-06	1.119541e+06	3.387995e+04	6.590000e+02	1
2.891636e-01	6.746803e-03	6.700000e-06	1.100872e+06	3.328211e+04	3.990000e+02	1
3.078360e-01	7.182643e-03	7.700000e-06	1.077942e+06	3.259576e+04	2.320000e+02	1
3.254387e-01	7.593494e-03	9.000000e-06	1.058621e+06	3.205577e+04	8.700000e+01	1
3.461849e-01	8.283052e-03	1.040000e-05	1.037438e+06	3.122508e+04	3.480000e+02	1
3.657554e-01	8.534461e-03	1.140000e-05	1.018421e+06	3.085952e+04	3.770000e+02	1
3.879383e-01	9.052183e-03	1.270000e-05	9.989331e+05	3.024066e+04	1.232000e+02	1
4.089189e-01	9.596126e-03	1.410000e-05	9.817417e+05	2.968115e+04	1.304000e+02	1
4.353217e-01	1.015802e-02	1.560000e-05	9.616235e+05	2.914097e+04	1.449000e+02	1
4.602111e-01	1.073888e-02	1.690000e-05	9.439830e+05	2.862874e+04	9.420000e+01	1
4.895452e-01	1.142264e-02	1.860000e-05	9.249587e+05	2.794804e+04	9.420000e+01	1
5.172166e-01	1.210238e-02	1.990000e-05	9.080933e+05	2.750842e+04	5.080000e+01	1
5.485813e-01	1.280115e-02	2.170000e-05	8.906556e+05	2.699928e+04	1.738000e+02	1
5.806489e-01	1.366902e-02	2.320000e-05	8.738337e+05	2.647888e+04	1.667000e+02	1
6.155755e-01	1.440545e-02	2.510000e-05	8.572002e+05	2.602602e+04	6.520000e+01	1
6.529013e-01	1.526328e-02	2.700000e-05	8.405304e+05	2.547696e+04	1.884000e+02	1
6.922376e-01	1.618299e-02	2.900000e-05	8.243967e+05	2.498520e+04	1.666000e+02	1
7.332600e-01	1.710582e-02	3.100000e-05	8.087992e+05	2.454458e+04	7.970000e+01	1
7.774929e-01	1.820800e-02	3.320000e-05	7.932668e+05	2.403107e+04	1.159000e+02	1
8.244181e-01	1.924994e-02	3.550000e-05	7.777634e+05	2.357674e+04	1.159000e+02	1
8.736006e-01	2.038296e-02	3.790000e-05	7.629627e+05	2.313100e+04	1.087000e+02	1
9.261826e-01	2.160391e-02	4.040000e-05	7.483939e+05	2.268833e+04	8.700000e+01	1
9.801976e-01	2.290682e-02	4.300000e-05	7.342597e+05	2.224948e+04	9.420000e+01	1
1.039443e+00	2.436312e-02	4.600000e-05	7.200531e+05	2.184015e+04	5.070000e+01	1
1.101812e+00	2.571707e-02	4.900000e-05	7.063101e+05	2.142017e+04	1.450000e+01	1
1.167991e+00	2.731346e-02	5.200000e-05	6.926831e+05	2.101178e+04	5.070000e+01	1
1.237368e+00	2.885692e-02	5.500000e-05	6.795849e+05	2.061833e+04	8.700000e+01	1
1.311552e+00	3.066387e-02	5.900000e-05	6.664505e+05	2.022179e+04	7.970000e+01	1
1.389769e+00	3.248054e-02	6.300000e-05	6.537290e+05	1.982759e+04	5.800000e+01	1
1.473259e+00	3.443853e-02	6.600000e-05	6.410727e+05	1.944849e+04	3.620000e+01	1
1.561172e+00	3.647977e-02	7.100000e-05	6.287714e+05	1.907823e+04	7.240000e+01	1
1.654475e+00	3.870347e-02	7.500000e-05	6.167164e+05	1.871267e+04	5.800000e+01	1
1.753093e+00	4.098244e-02	8.000000e-05	6.049223e+05	1.835405e+04	7.960000e+01	1
1.858413e+00	4.342340e-02	8.400000e-05	5.932802e+05	1.800170e+04	5.070000e+01	1
1.969350e+00	4.602578e-02	8.900000e-05	5.818917e+05	1.765802e+04	4.350000e+01	1
2.086993e+00	4.876772e-02	9.500000e-05	5.707568e+05	1.732169e+04	2.170000e+01	1
2.211513e+00	5.169726e-02	1.000000e-04	5.597885e+05	1.698920e+04	1.450000e+01	1
2.343575e+00	5.473345e-02	1.070000e-04	5.490666e+05	1.666809e+04	1.440000e+01	1
2.483632e+00	5.803181e-02	1.130000e-04	5.385474e+05	1.634637e+04	5.790000e+01	1
2.631969e+00	6.153513e-02	1.190000e-04	5.281515e+05	1.602927e+04	2.900000e+01	1
2.788732e+00	6.517633e-02	1.270000e-04	5.180308e+05	1.571823e+04	1.450000e+01	1
2.955366e+00	6.903756e-02	1.350000e-04	5.080695e+05	1.542057e+04	2.170000e+01	1
3.131589e+00	7.320250e-02	1.420000e-04	4.983183e+05	1.512749e+04	1.450000e+01	1
3.318342e+00	7.754092e-02	1.510000e-04	4.887482e+05	1.483669e+04	1.450000e+01	1
3.516266e+00	8.217442e-02	1.600000e-04	4.793665e+05	1.455219e+04	1.450000e+01	1
3.726131e+00	8.705167e-02	1.700000e-04	4.701369e+05	1.427323e+04	2.170000e+01	1
3.948078e+00	9.221955e-02	1.800000e-04	4.611174e+05	1.400197e+04	2.900000e+01	1
4.183094e+00	9.772606e-02	1.910000e-04	4.522645e+05	1.373073e+04	1.450000e+01	1
4.432142e+00	1.035548e-01	2.020000e-04	4.435710e+05	1.346868e+04	2.170000e+01	1
4.695843e+00	1.096905e-01	2.140000e-04	4.350224e+05	1.321281e+04	2.170000e+01	1
4.975373e+00	1.162291e-01	2.270000e-04	4.266622e+05	1.295698e+04	2.180000e+01	1
5.270981e+00	1.231248e-01	2.400000e-04	4.184541e+05	1.270887e+04	1.450000e+01	1
5.584420e+00	1.304361e-01	2.540000e-04	4.103836e+05	1.246532e+04	1.450000e+01	1
5.915970e+00	1.381838e-01	2.690000e-04	4.025087e+05	1.222704e+04	2.170000e+01	1
6.266972e+00	1.463733e-01	2.850000e-04	3.947570e+05	1.199124e+04	1.440000e+01	1
6.638699e+00	1.550312e-01	3.020000e-04	3.871502e+05	1.176316e+04	7.300000e+00	1
7.031936e+00	1.642108e-01	3.190000e-04	3.797101e+05	1.153771e+04	7.300000e+00	1
7.448356e+00	1.739201e-01	3.380000e-04	3.723858e+05	1.131581e+04	1.450000e+01	1
7.889028e+00	1.841993e-01	3.580000e-04	3.652137e+05	1.109944e+04	7.200000e+00	1
8.355183e+00	1.950621e-01	3.780000e-04	3.581792e+05	1.088627e+04	1.450000e+01	1
8.848428e+00	2.065602e-01	4.010000e-04	3.512751e+05	1.067805e+04	7.300000e+00	1
9.370157e+00	2.187249e-01	4.230000e-04	3.445014e+05	1.047415e+04	7.200000e+00	1
9.922099e+00	2.315830e-01	4.480000e-04	3.378509e+05	1.027235e+04	7.300000e+00	1
1.050577e+01	2.451773e-01	4.700000e-04	3.313308e+05	1.007571e+04	7.300000e+00	1
1.112285e+01	2.595500e-01	5.000000e-04	3.249338e+05	9.882618e+03	7.300000e+00	1
1.177515e+01	2.747490e-01	5.300000e-04	3.186528e+05	9.693939e+03	7.300000e+00	1
1.246474e+01	2.908121e-01	5.600000e-04	3.124949e+05	9.508362e+03	7.200000e+00	1
1.319328e+01	3.077734e-01	6.000000e-04	3.064529e+05	9.326622e+03	7.300000e+00	1
1.396299e+01	3.256906e-01	6.200000e-04	3.005196e+05	9.147656e+03	7.200000e+00	1
1.477599e+01	3.446150e-01	6.600000e-04	2.947022e+05	8.972503e+03	7.200000e+00	1
1.563443e+01	3.645988e-01	7.000000e-04	2.889935e+05	8.801172e+03	7.200000e+00	1
1.654055e+01	3.856915e-01	7.300000e-04	2.833934e+05	8.632611e+03	7.200000e+00	1
1.749678e+01	4.079455e-01	7.700000e-04	2.778948e+05	8.466859e+03	7.300000e+00	1
1.850547e+01	4.314243e-01	8.200000e-04	2.724903e+05	8.305636e+03	7.300000e+00	1
1.956924e+01	4.561920e-01	8.600000e-04	2.671945e+05	8.146717e+03	7.300000e+00	1
2.069058e+01	4.822981e-01	9.100000e-04	2.620002e+05	7.991095e+03	7.300000e+00	1
2.187213e+01	5.098148e-01	9.600000e-04	2.568927e+05	7.838368e+03	7.300000e+00	1
2.311663e+01	5.388077e-01	1.010000e-03	2.518867e+05	7.688964e+03	7.200000e+00	1
2.442678e+01	5.693422e-01	1.060000e-03	2.469677e+05	7.541385e+03	7.200000e+00	1
2.580537e+01	6.014942e-01	1.120000e-03	2.421428e+05	7.398254e+03	7.300000e+00	1
2.725521e+01	6.353342e-01	1.170000e-03	2.374048e+05	7.256406e+03	7.200000e+00	1
2.877907e+01	6.709404e-01	1.240000e-03	2.327466e+05	7.118207e+03	7.200000e+00	1
3.037983e+01	7.083838e-01	1.290000e-03	2.281825e+05	6.982334e+03	7.300000e+00	1
3.206027e+01	7.477503e-01	1.360000e-03	2.236908e+05	6.849041e+03	7.300000e+00	1
3.382313e+01	7.891220e-01	1.430000e-03	2.192861e+05	6.718024e+03	7.300000e+00	1
3.567111e+01	8.325844e-01	1.500000e-03	2.149611e+05	6.590407e+03	0.000000e+00	1
3.760685e+01	8.782220e-01	1.560000e-03	2.107085e+05	6.464250e+03	0.000000e+00	1
3.963285e+01	9.261310e-01	1.640000e-03	2.065357e+05	6.341345e+03	0.000000e+00	1
4.173981e+01	9.761386e-01	1.710000e-03	2.024195e+05	6.220189e+03	3.000000e+00	1
4.394112e+01	1.028580e+00	1.780000e-03	1.984103e+05	6.102236e+03	3.000000e+00	1
4.623832e+01	1.083554e+00	1.860000e-03	1.944703e+05	5.986499e+03	3.300000e+00	1
4.863318e+01	1.141159e+00	1.940000e-03	1.905986e+05	5.872954e+03	3.200000e+00	1
5.112720e+01	1.201508e+00	2.020000e-03	1.867938e+05	5.761547e+03	2.800000e+00	1
5.372167e+01	1.264704e+00	2.100000e-03	1.830539e+05	5.652225e+03	2.700000e+00	1
5.641748e+01	1.330862e+00	2.180000e-03	1.793777e+05	5.544974e+03	2.900000e+00	1
5.921523e+01	1.400094e+00	2.270000e-03	1.757635e+05	5.439686e+03	3.100000e+00	1
6.211512e+01	1.472521e+00	2.340000e-03	1.722104e+05	5.336338e+03	2.800000e+00	1
6.511693e+01	1.548266e+00	2.420000e-03	1.687167e+05	5.234881e+03	2.600000e+00	1
6.822000e+01	1.627448e+00	2.500000e-03	1.652813e+05	5.135311e+03	2.800000e+00	1
7.142322e+01	1.710191e+00	2.580000e-03	1.619031e+05	5.037507e+03	2.600000e+00	1
7.472497e+01	1.796620e+00	2.660000e-03	1.585806e+05	4.941474e+03	2.600000e+00	1
7.812312e+01	1.886857e+00	2.730000e-03	1.553125e+05	4.847142e+03	2.600000e+00	1
8.161504e+01	1.981018e+00	2.810000e-03	1.520980e+05	4.754480e+03	2.600000e+00	1
8.519754e+01	2.079218e+00	2.880000e-03	1.489359e+05	4.663402e+03	2.600000e+00	1
8.886691e+01	2.181560e+00	2.950000e-03	1.458252e+05	4.573932e+03	2.600000e+00	1
9.261892e+01	2.288139e+00	3.010000e-03	1.427651e+05	4.485966e+03	2.300000e+00	1
9.644878e+01	2.399036e+00	3.070000e-03	1.397541e+05	4.399487e+03	2.400000e+00	1
1.003512e+02	2.514309e+00	3.100000e-03	1.367918e+05	4.314458e+03	2.300000e+00	1
1.043205e+02	2.634016e+00	3.200000e-03	1.338770e+05	4.230826e+03	2.400000e+00	1
1.083504e+02	2.758173e+00	3.200000e-03	1.310092e+05	4.148560e+03	2.300000e+00	1
1.124343e+02	2.886777e+00	3.300000e-03	1.281875e+05	4.067622e+03	2.300000e+00	1
1.165651e+02	3.019792e+00	3.300000e-03	1.254111e+05	3.987976e+03	2.100000e+00	1
1.207356e+02	3.157178e+00	3.300000e-03	1.226792e+05	3.909578e+03	2.200000e+00	1
1.249380e+02	3.298826e+00	3.300000e-03	1.199914e+05	3.832403e+03	2.100000e+00	1
1.291646e+02	3.444629e+00	3.400000e-03	1.173469e+05	3.756420e+03	2.100000e+00	1
1.334072e+02	3.594422e+00	3.400000e-03	1.147451e+05	3.681604e+03	2.100000e+00	1
1.376576e+02	3.748018e+00	3.300000e-03	1.121855e+05	3.607914e+03	2.100000e+00	1
1.419078e+02	3.905199e+00	3.400000e-03	1.096676e+05	3.535339e+03	2.000000e+00	1
1.461493e+02	4.065714e+00	3.300000e-03	1.071908e+05	3.463845e+03	1.900000e+00	1
1.503741e+02	4.229274e+00	3.300000e-03	1.047546e+05	3.393419e+03	1.900000e+00	1
1.545740e+02	4.395583e+00	3.300000e-03	1.023586e+05	3.324022e+03	2.000000e+00	1
1.587412e+02	4.564283e+00	3.300000e-03	1.000025e+05	3.255655e+03	1.900000e+00	1
1.628679e+02	4.735047e+00	3.300000e-03	9.768567e+04	3.188291e+03	1.880000e+00	1
1.669466e+02	4.907501e+00	3.200000e-03	9.540783e+04	3.121923e+03	1.740000e+00	1
1.709703e+02	5.081235e+00	3.200000e-03	9.316846e+04	3.056512e+03	1.740000e+00	1
1.749319e+02	5.255870e+00	3.100000e-03	9.096734e+04	2.992068e+03	1.660000e+00	1
1.788251e+02	5.430997e+00	3.100000e-03	8.880396e+04	2.928575e+03	1.670000e+00	1
1.826436e+02	5.606215e+00	3.000000e-03	8.667804e+04	2.866005e+03	1.670000e+00	1
1.863819e+02	5.781105e+00	2.900000e-03	8.458928e+04	2.804375e+03	1.670000e+00	1
1.900346e+02	5.955281e+00	2.800000e-03	8.253726e+04	2.743644e+03	1.590000e+00	1
1.935969e+02	6.128333e+00	2.800000e-03	8.052167e+04	2.683831e+03	1.600000e+00	1
1.970642e+02	6.299868e+00	2.700000e-03	7.854216e+04	2.624913e+03	1.600000e+00	1
2.004327e+02	6.469539e+00	2.600000e-03	7.659844e+04	2.566882e+03	1.600000e+00	1
2.036987e+02	6.636959e+00	2.500000e-03	7.469022e+04	2.509737e+03	1.520000e+00	1
2.068592e+02	6.801814e+00	2.500000e-03	7.281706e+04	2.453471e+03	1.450000e+00	1
2.099113e+02	6.963757e+00	2.400000e-03	7.097868e+04	2.398067e+03	1.450000e+00	1
2.128528e+02	7.122488e+00	2.300000e-03	6.917478e+04	2.343528e+03	1.450000e+00	1
2.156818e+02	7.277733e+00	2.200000e-03	6.740507e+04	2.289851e+03	1.310000e+00	1
2.183968e+02	7.429216e+00	2.100000e-03	6.566906e+04	2.237028e+03	1.370000e+00	1
2.209965e+02	7.576723e+00	2.000000e-03	6.396665e+04	2.185049e+03	1.310000e+00	1
2.234801e+02	7.720004e+00	1.900000e-03	6.229736e+04	2.133906e+03	1.300000e+00	1
2.258471e+02	7.858882e+00	1.800000e-03	6.066088e+04	2.083599e+03	1.300000e+00	1
2.280974e+02	7.993180e+00	1.800000e-03	5.905693e+04	2.034123e+03	1.230000e+00	1
2.302308e+02	8.122745e+00	1.600000e-03	5.748515e+04	1.985467e+03	1.230000e+00	1
2.322478e+02	8.247452e+00	1.500000e-03	5.594517e+04	1.937636e+03	1.230000e+00	1
2.341489e+02	8.367162e+00	1.400000e-03	5.443670e+04	1.890615e+03	1.230000e+00	1
2.359349e+02	8.481825e+00	1.400000e-03	5.295939e+04	1.844395e+03	1.150000e+00	1
2.376067e+02	8.591334e+00	1.300000e-03	5.151293e+04	1.798990e+03	1.160000e+00	1
2.391654e+02	8.695642e+00	1.200000e-03	5.009691e+04	1.754370e+03	1.080000e+00	1
2.406123e+02	8.794711e+00	1.100000e-03	4.871102e+04	1.710547e+03	1.090000e+00	1
2.419487e+02	8.888516e+00	1.000000e-03	4.735491e+04	1.667509e+03	1.080000e+00	1
2.431763e+02	8.977035e+00	1.000000e-03	4.602828e+04	1.625246e+03	1.010000e+00	1
2.442965e+02	9.060284e+00	9.000000e-04	4.473070e+04	1.583758e+03	1.020000e+00	1
2.453111e+02	9.138267e+00	8.000000e-04	4.346182e+04	1.543038e+03	1.010000e+00	1
2.462217e+02	9.211019e+00	7.000000e-04	4.222140e+04	1.503079e+03	9.400000e-01	1
2.470302e+02	9.278567e+00	6.000000e-04	4.100895e+04	1.463872e+03	9.400000e-01	1
2.477384e+02	9.340957e+00	5.000000e-04	3.982417e+04	1.425413e+03	9.400000e-01	1
2.483480e+02	9.398240e+00	4.000000e-04	3.866670e+04	1.387709e+03	8.700000e-01	1
2.488610e+02	9.450472e+00	4.000000e-04	3.753619e+04	1.350733e+03	8.700000e-01	1
2.492791e+02	9.497723e+00	3.000000e-04	3.643226e+04	1.314488e+03	8.700000e-01	1
2.496042e+02	9.540055e+00	2.000000e-04	3.535448e+04	1.278961e+03	8.700000e-01	1
2.498381e+02	9.577543e+00	2.000000e-04	3.430264e+04	1.244162e+03	8.000000e-01	1
2.499824e+02	9.610258e+00	1.000000e-04	3.327623e+04	1.210072e+03	8.000000e-01	1
2.500390e+02	9.638304e+00	0.000000e+00	3.227496e+04	1.176684e+03	7.900000e-01	1
2.500094e+02	9.661730e+00	1.000000e-04	3.129846e+04	1.143995e+03	8.000000e-01	0
2.498955e+02	9.680636e+00	1.000000e-04	3.034631e+04	1.111997e+03	7.200000e-01	0
2.496986e+02	9.695104e+00	2.000000e-04	2.941813e+04	1.080690e+03	7.200000e-01	0
2.494204e+02	9.705225e+00	2.000000e-04	2.851364e+04	1.050055e+03	6.600000e-01	0
2.490623e+02	9.711073e+00	3.000000e-04	2.763234e+04	1.020090e+03	6.500000e-01	0
2.486256e+02	9.712734e+00	4.000000e-04	2.677393e+04	9.907895e+02	6.500000e-01	0
2.481119e+02	9.710291e+00	4.000000e-04	2.593798e+04	9.621536e+02	7.200000e-01	0
2.475222e+02	9.703836e+00	5.000000e-04	2.512420e+04	9.341597e+02	6.500000e-01	0
2.468580e+02	9.693441e+00	5.000000e-04	2.433215e+04	9.068122e+02	6.500000e-01	0
2.461202e+02	9.679184e+00	6.000000e-04	2.356147e+04	8.800971e+02	5.800000e-01	0
2.453101e+02	9.661144e+00	7.000000e-04	2.281173e+04	8.540151e+02	5.800000e-01	0
2.444286e+02	9.639404e+00	8.000000e-04	2.208263e+04	8.285505e+02	5.800000e-01	0
2.434769e+02	9.614036e+00	8.000000e-04	2.137375e+04	8.037004e+02	5.100000e-01	0
2.424557e+02	9.585108e+00	8.000000e-04	2.068465e+04	7.794556e+02	5.800000e-01	0
2.413661e+02	9.552688e+00	9.000000e-04	2.001510e+04	7.558068e+02	5.100000e-01	0
2.402088e+02	9.516858e+00	9.000000e-04	1.936461e+04	7.327535e+02	5.100000e-01	0
2.389847e+02	9.477673e+00	1.000000e-03	1.873281e+04	7.102776e+02	5.100000e-01	0
2.376946e+02	9.435201e+00	1.000000e-03	1.811934e+04	6.883755e+02	5.100000e-01	0
2.363392e+02	9.389513e+00	1.100000e-03	1.752384e+04	6.670400e+02	5.000000e-01	0
2.349192e+02	9.340662e+00	1.200000e-03	1.694594e+04	6.462538e+02	5.000000e-01	0
2.334354e+02	9.288711e+00	1.300000e-03	1.638528e+04	6.260251e+02	4.300000e-01	0
2.318885e+02	9.233724e+00	1.300000e-03	1.584143e+04	6.063421e+02	4.300000e-01	0
2.302792e+02	9.175746e+00	1.300000e-03	1.531410e+04	5.871825e+02	4.300000e-01	0
2.286081e+02	9.114859e+00	1.300000e-03	1.480292e+04	5.685503e+02	4.300000e-01	0
2.268759e+02	9.051087e+00	1.400000e-03	1.430746e+04	5.504307e+02	4.400000e-01	0
2.250834e+02	8.984517e+00	1.500000e-03	1.382744e+04	5.328222e+02	3.600000e-01	0
2.232313e+02	8.915192e+00	1.500000e-03	1.336248e+04	5.157066e+02	3.600000e-01	0
2.213203e+02	8.843171e+00	1.500000e-03	1.291223e+04	4.990841e+02	3.600000e-01	0
2.193512e+02	8.768511e+00	1.600000e-03	1.247632e+04	4.829380e+02	2.900000e-01	0
2.173249e+02	8.691260e+00	1.600000e-03	1.205440e+04	4.672604e+02	3.600000e-01	0
2.152421e+02	8.611485e+00	1.700000e-03	1.164624e+04	4.520522e+02	2.900000e-01	0
2.131038e+02	8.529243e+00	1.700000e-03	1.125141e+04	4.372960e+02	2.900000e-01	0
2.109110e+02	8.444604e+00	1.800000e-03	1.086955e+04	4.229841e+02	2.900000e-01	0
2.086647e+02	8.357603e+00	1.800000e-03	1.050044e+04	4.091106e+02	2.900000e-01	0
2.063659e+02	8.268328e+00	1.800000e-03	1.014371e+04	3.956640e+02	2.900000e-01	0
2.040159e+02	8.176829e+00	1.800000e-03	9.799016e+03	3.826332e+02	2.900000e-01	0
2.016158e+02	8.083184e+00	1.900000e-03	9.466128e+03	3.700149e+02	2.170000e-01	0
1.991670e+02	7.987453e+00	1.900000e-03	9.144686e+03	3.577978e+02	2.170000e-01	0
1.966708e+02	7.889711e+00	2.000000e-03	8.834400e+03	3.459718e+02	2.180000e-01	0
1.941289e+02	7.790027e+00	2.000000e-03	8.534982e+03	3.345319e+02	2.900000e-01	0
1.915427e+02	7.688480e+00	2.000000e-03	8.246213e+03	3.234685e+02	2.180000e-01	0
1.889139e+02	7.585149e+00	2.100000e-03	7.967732e+03	3.127743e+02	2.170000e-01	0
1.862443e+02	7.480114e+00	2.100000e-03	7.699248e+03	3.024391e+02	2.170000e-01	0
1.835357e+02	7.373458e+00	2.200000e-03	7.440616e+03	2.924585e+02	2.170000e-01	0
1.807902e+02	7.265266e+00	2.200000e-03	7.191475e+03	2.828161e+02	2.170000e-01	0
1.780097e+02	7.155633e+00	2.200000e-03	6.951607e+03	2.735102e+02	2.170000e-01	0
1.751965e+02	7.044656e+00	2.300000e-03	6.720795e+03	2.645364e+02	1.450000e-01	0
1.723529e+02	6.932419e+00	2.200000e-03	6.498749e+03	2.558806e+02	1.440000e-01	0
1.694811e+02	6.819023e+00	2.300000e-03	6.285251e+03	2.475434e+02	1.450000e-01	0
1.665836e+02	6.704586e+00	2.300000e-03	6.080084e+03	2.395105e+02	1.450000e-01	0
1.636631e+02	6.589182e+00	2.300000e-03	5.883104e+03	2.317740e+02	1.450000e-01	0
1.607221e+02	6.472932e+00	2.300000e-03	5.694021e+03	2.243334e+02	1.450000e-01	0
1.577633e+02	6.355946e+00	2.300000e-03	5.512617e+03	2.171766e+02	1.450000e-01	0
1.547896e+02	6.238337e+00	2.300000e-03	5.338819e+03	2.103062e+02	1.450000e-01	0
1.518039e+02	6.120212e+00	2.300000e-03	5.172339e+03	2.037085e+02	1.450000e-01	0
1.488090e+02	6.001692e+00	2.400000e-03	5.013031e+03	1.973801e+02	1.440000e-01	0
1.458081e+02	5.882884e+00	2.300000e-03	4.860750e+03	1.913137e+02	1.440000e-01	0
1.428042e+02	5.763916e+00	2.300000e-03	4.715351e+03	1.855045e+02	7.300000e-02	0
1.398005e+02	5.644913e+00	2.300000e-03	4.576617e+03	1.799526e+02	1.450000e-01	0
1.368000e+02	5.525977e+00	2.300000e-03	4.444549e+03	1.746504e+02	1.440000e-01	0
1.338061e+02	5.407239e+00	2.300000e-03	4.318928e+03	1.695967e+02	1.440000e-01	0
1.308220e+02	5.288822e+00	2.200000e-03	4.199754e+03	1.647814e+02	7.300000e-02	0
1.278509e+02	5.170855e+00	2.200000e-03	4.086811e+03	1.602111e+02	7.300000e-02	0
1.248962e+02	5.053444e+00	2.200000e-03	3.980026e+03	1.558742e+02	7.300000e-02	0
1.219612e+02	4.936732e+00	2.100000e-03	3.879471e+03	1.517770e+02	7.300000e-02	0
1.190491e+02	4.820827e+00	2.100000e-03	3.784930e+03	1.479193e+02	7.200000e-02	0
1.161633e+02	4.705866e+00	2.000000e-03	3.696546e+03	1.443010e+02	7.200000e-02	0
1.133070e+02	4.591956e+00	2.100000e-03	3.614247e+03	1.409236e+02	7.300000e-02	0
1.104838e+02	4.479229e+00	1.900000e-03	3.538107e+03	1.377913e+02	7.200000e-02	0
1.076967e+02	4.367800e+00	1.900000e-03	3.468124e+03	1.348978e+02	0.000000e+00	0
1.049492e+02	4.257795e+00	1.800000e-03	3.404372e+03	1.322664e+02	7.200000e-02	0
1.022445e+02	4.149342e+00	1.800000e-03	3.347067e+03	1.298962e+02	7.300000e-02	0
9.958597e+01	4.042545e+00	1.710000e-03	3.296355e+03	1.278047e+02	0.000000e+00	0
9.697696e+01	3.937546e+00	1.630000e-03	3.252453e+03	1.260078e+02	0.000000e+00	0
9.442083e+01	3.834460e+00	1.550000e-03	3.215651e+03	1.245180e+02	0.000000e+00	0
9.192101e+01	3.733408e+00	1.450000e-03	3.186383e+03	1.233659e+02	0.000000e+00	0
8.948099e+01	3.634525e+00	1.360000e-03	3.165011e+03	1.225839e+02	0.000000e+00	0
8.710439e+01	3.537941e+00	1.270000e-03	3.152188e+03	1.222105e+02	0.000000e+00	0
8.479500e+01	3.443798e+00	1.170000e-03	3.148566e+03	1.222972e+02	0.000000e+00	0
8.255679e+01	3.352243e+00	1.060000e-03	3.155014e+03	1.229170e+02	0.000000e+00	0
8.039404e+01	3.263437e+00	9.500000e-04	3.172618e+03	1.241411e+02	0.000000e+00	0
7.831139e+01	3.177558e+00	8.400000e-04	3.202755e+03	1.260769e+02	0.000000e+00	0
7.631398e+01	3.094810e+00	7.300000e-04	3.246947e+03	1.288666e+02	0.000000e+00	0
7.440760e+01	3.015425e+00	6.200000e-04	3.307295e+03	1.326781e+02	7.300000e-02	0
7.259889e+01	2.939684e+00	5.100000e-04	3.386261e+03	1.377504e+02	0.000000e+00	0
7.089557e+01	2.867927e+00	4.000000e-04	3.487033e+03	1.443532e+02	0.000000e+00	0
6.930682e+01	2.800582e+00	2.900000e-04	3.613595e+03	1.528834e+02	0.000000e+00	0
6.784367e+01	2.738203e+00	2.100000e-04	3.770948e+03	1.638154e+02	7.300000e-02	0
6.651963e+01	2.681519e+00	1.300000e-04	3.965320e+03	1.777617e+02	0.000000e+00	0
6.535141e+01	2.631516e+00	7.000000e-05	4.204825e+03	1.955133e+02	0.000000e+00	0
6.435991e+01	2.589553e+00	3.000000e-05	4.499390e+03	2.180066e+02	0.000000e+00	0
6.357145e+01	2.557529e+00	2.000000e-05	4.861546e+03	2.463438e+02	0.000000e+00	0
6.301926e+01	2.538110e+00	3.000000e-05	5.306291e+03	2.816791e+02	7.200000e-02	0
6.274506e+01	2.535002e+00	5.000000e-05	5.851156e+03	3.249378e+02	7.200000e-02	0
6.280030e+01	2.553177e+00	7.000000e-05	6.514542e+03	3.762747e+02	0.000000e+00	0
6.324611e+01	2.598794e+00	7.000000e-05	7.312170e+03	4.341183e+02	7.200000e-02	0
6.415000e+01	2.678284e+00	5.000000e-05	8.250850e+03	4.939203e+02	0.000000e+00	0
6.557663e+01	2.795960e+00	6.000000e-05	9.317759e+03	5.473071e+02	0.000000e+00	0
6.757054e+01	2.950231e+00	8.000000e-05	1.047015e+04	5.832490e+02	8.000000e-02	0
7.013271e+01	3.130433e+00	3.800000e-04	1.163146e+04	5.925275e+02	1.500000e-01	0
7.320085e+01	3.317881e+00	1.260000e-03	1.270322e+04	5.743547e+02	3.600000e-01	0
7.664735e+01	3.492508e+00	6.260000e-03	1.359199e+04	5.397300e+02	1.310000e+00	0
8.030036e+01	3.641079e+00	4.376000e-02	1.423726e+04	5.064272e+02	5.940000e+00	0
8.398448e+01	3.760062e+00	8.622000e-02	1.462398e+04	4.874574e+02	5.440000e+00	0
8.755180e+01	3.853735e+00	9.653000e-02	1.477416e+04	4.840886e+02	7.900000e-01	0
9.087784e+01	3.930490e+00	2.050000e-02	1.473120e+04	4.893624e+02	4.200000e+00	0
9.400528e+01	3.985640e+00	7.523000e-02	1.453581e+04	4.953947e+02	6.590000e+00	0
9.691112e+01	4.031050e+00	2.516900e-01	1.421647e+04	4.946546e+02	3.564000e+01	0
9.950381e+01	4.080113e+00	4.692100e-01	1.380730e+04	4.843854e+02	9.374000e+01	0
1.017247e+02	4.133848e+00	4.430000e-01	1.334393e+04	4.674378e+02	1.301200e+02	0
1.035497e+02	4.185935e+00	2.026000e-01	1.285920e+04	4.486902e+02	1.143900e+02	0
1.049863e+02	4.230150e+00	3.780000e-02	1.238127e+04	4.316644e+02	6.709000e+01	0
1.060681e+02	4.264222e+00	1.645000e-01	1.193320e+04	4.172574e+02	1.934000e+01	0
1.068586e+02	4.289816e+00	1.766000e-01	1.152866e+04	4.046816e+02	7.030000e+00	0
1.074417e+02	4.310348e+00	1.333000e-01	1.116520e+04	3.932325e+02	1.478000e+01	0
1.078841e+02	4.328004e+00	7.280000e-02	1.083615e+04	3.829007e+02	9.490000e+00	0
1.082363e+02	4.343958e+00	1.540000e-02	1.053311e+04	3.737651e+02	3.040000e+00	0
1.085361e+02	4.358900e+00	2.740000e-02	1.024557e+04	3.654104e+02	1.601000e+01	0
1.088090e+02	4.373317e+00	4.770000e-02	9.961439e+03	3.568801e+02	2.137200e+01	0
1.090594e+02	4.387328e+00	4.810000e-02	9.676800e+03	3.479133e+02	1.861900e+01	0
1.092767e+02	4.400533e+00	3.970000e-02	9.392523e+03	3.388184e+02	1.180800e+01	0
1.094392e+02	4.411738e+00	3.440000e-02	9.109260e+03	3.296123e+02	5.071000e+00	0
1.095090e+02	4.418674e+00	3.890000e-02	8.827446e+03	3.200922e+02	2.173000e+00	0
1.094258e+02	4.417641e+00	4.450000e-02	8.548167e+03	3.105894e+02	5.361000e+00	0
