0: p [mpi^4]	1: stat_err p	2: sys_err p	3: e [mpi^4]	4: stat_err e	5: sys_err e
0.000000e+00	0.000000e+00	0.000000e+00	0.000000e+00	0.000000e+00	0.000000e+00
0.000000e+00	0.000000e+00	0.000000e+00	0.000000e+00	0.000000e+00	0.000000e+00
0.000000e+00	0.000000e+00	0.000000e+00	0.000000e+00	0.000000e+00	0.000000e+00
0.000000e+00	0.000000e+00	0.000000e+00	0.000000e+00	0.000000e+00	0.000000e+00
0.000000e+00	0.000000e+00	0.000000e+00	0.000000e+00	0.000000e+00	0.000000e+00
0.000000e+00	0.000000e+00	0.000000e+00	0.000000e+00	0.000000e+00	0.000000e+00
0.000000e+00	0.000000e+00	0.000000e+00	0.000000e+00	0.000000e+00	0.000000e+00
0.000000e+00	0.000000e+00	0.000000e+00	0.000000e+00	0.000000e+00	0.000000e+00
0.000000e+00	0.000000e+00	0.000000e+00	0.000000e+00	0.000000e+00	0.000000e+00
0.000000e+00	0.000000e+00	0.000000e+00	0.000000e+00	0.000000e+00	0.000000e+00
0.000000e+00	0.000000e+00	0.000000e+00	0.000000e+00	0.000000e+00	0.000000e+00
0.000000e+00	0.000000e+00	0.000000e+00	0.000000e+00	0.000000e+00	0.000000e+00
0.000000e+00	0.000000e+00	0.000000e+00	0.000000e+00	0.000000e+00	0.000000e+00
0.000000e+00	0.000000e+00	0.000000e+00	0.000000e+00	0.000000e+00	0.000000e+00
0.000000e+00	0.000000e+00	0.000000e+00	0.000000e+00	0.000000e+00	0.000000e+00
0.000000e+00	0.000000e+00	0.000000e+00	0.000000e+00	0.000000e+00	0.000000e+00
0.000000e+00	0.000000e+00	0.000000e+00	0.000000e+00	0.000000e+00	0.000000e+00
0.000000e+00	0.000000e+00	0.000000e+00	0.000000e+00	0.000000e+00	0.000000e+00
0.000000e+00	0.000000e+00	0.000000e+00	0.000000e+00	0.000000e+00	0.000000e+00
0.000000e+00	0.000000e+00	0.000000e+00	0.000000e+00	0.000000e+00	0.000000e+00
0.000000e+00	0.000000e+00	0.000000e+00	0.000000e+00	0.000000e+00	0.000000e+00
0.000000e+00	0.000000e+00	0.000000e+00	0.000000e+00	0.000000e+00	0.000000e+00
0.000000e+00	0.000000e+00	0.000000e+00	0.000000e+00	0.000000e+00	0.000000e+00
0.000000e+00	0.000000e+00	0.000000e+00	0.000000e+00	0.000000e+00	0.000000e+00
0.000000e+00	0.000000e+00	0.000000e+00	0.000000e+00	0.000000e+00	0.000000e+00
0.000000e+00	0.000000e+00	0.000000e+00	0.000000e+00	0.000000e+00	0.000000e+00
0.000000e+00	0.000000e+00	0.000000e+00	0.000000e+00	0.000000e+00	0.000000e+00
0.000000e+00	0.000000e+00	0.000000e+00	0.000000e+00	0.000000e+00	0.000000e+00
0.000000e+00	0.000000e+00	0.000000e+00	0.000000e+00	0.000000e+00	0.000000e+00
0.000000e+00	0.000000e+00	0.000000e+00	0.000000e+00	0.000000e+00	0.000000e+00
0.000000e+00	0.000000e+00	0.000000e+00	0.000000e+00	0.000000e+00	0.000000e+00
0.000000e+00	0.000000e+00	0.000000e+00	0.000000e+00	0.000000e+00	0.000000e+00
0.000000e+00	0.000000e+00	0.000000e+00	0.000000e+00	0.000000e+00	0.000000e+00
0.000000e+00	0.000000e+00	0.000000e+00	0.000000e+00	0.000000e+00	0.000000e+00
0.000000e+00	0.000000e+00	0.000000e+00	0.000000e+00	0.000000e+00	0.000000e+00
0.000000e+00	0.000000e+00	0.000000e+00	0.000000e+00	0.000000e+00	0.000000e+00
0.000000e+00	0.000000e+00	0.000000e+00	0.000000e+00	0.000000e+00	0.000000e+00
0.000000e+00	0.000000e+00	0.000000e+00	0.000000e+00	0.000000e+00	0.000000e+00
0.000000e+00	0.000000e+00	0.000000e+00	0.000000e+00	0.000000e+00	0.000000e+00
0.000000e+00	0.000000e+00	0.000000e+00	0.000000e+00	0.000000e+00	0.000000e+00
0.000000e+00	0.000000e+00	0.000000e+00	0.000000e+00	0.000000e+00	0.000000e+00
0.000000e+00	0.000000e+00	0.000000e+00	0.000000e+00	0.000000e+00	0.000000e+00
0.000000e+00	0.000000e+00	0.000000e+00	0.000000e+00	0.000000e+00	0.000000e+00
0.000000e+00	0.000000e+00	0.000000e+00	0.000000e+00	0.000000e+00	0.000000e+00
0.000000e+00	0.000000e+00	0.000000e+00	0.000000e+00	0.000000e+00	0.000000e+00
0.000000e+00	0.000000e+00	0.000000e+00	0.000000e+00	0.000000e+00	0.000000e+00
0.000000e+00	0.000000e+00	0.000000e+00	0.000000e+00	0.000000e+00	0.000000e+00
0.000000e+00	0.000000e+00	0.000000e+00	0.000000e+00	0.000000e+00	0.000000e+00
0.000000e+00	0.000000e+00	0.000000e+00	0.000000e+00	0.000000e+00	0.000000e+00
0.000000e+00	0.000000e+00	0.000000e+00	0.000000e+00	0.000000e+00	0.000000e+00
0.000000e+00	0.000000e+00	0.000000e+00	0.000000e+00	0.000000e+00	0.000000e+00
0.000000e+00	0.000000e+00	0.000000e+00	0.000000e+00	0.000000e+00	0.000000e+00
0.000000e+00	0.000000e+00	0.000000e+00	0.000000e+00	0.000000e+00	0.000000e+00
0.000000e+00	0.000000e+00	0.000000e+00	0.000000e+00	0.000000e+00	0.000000e+00
0.000000e+00	0.000000e+00	0.000000e+00	0.000000e+00	0.000000e+00	0.000000e+00
0.000000e+00	0.000000e+00	0.000000e+00	0.000000e+00	0.000000e+00	0.000000e+00
0.000000e+00	0.000000e+00	0.000000e+00	0.000000e+00	0.000000e+00	0.000000e+00
0.000000e+00	0.000000e+00	0.000000e+00	0.000000e+00	0.000000e+00	0.000000e+00
0.000000e+00	0.000000e+00	0.000000e+00	0.000000e+00	0.000000e+00	0.000000e+00
0.000000e+00	0.000000e+00	0.000000e+00	0.000000e+00	0.000000e+00	0.000000e+00
0.000000e+00	0.000000e+00	0.000000e+00	0.000000e+00	0.000000e+00	0.000000e+00
0.000000e+00	0.000000e+00	0.000000e+00	0.000000e+00	0.000000e+00	0.000000e+00
0.000000e+00	0.000000e+00	0.000000e+00	0.000000e+00	0.000000e+00	0.000000e+00
0.000000e+00	0.000000e+00	0.000000e+00	0.000000e+00	0.000000e+00	0.000000e+00
0.000000e+00	0.000000e+00	0.000000e+00	0.000000e+00	0.000000e+00	0.000000e+00
0.000000e+00	0.000000e+00	0.000000e+00	0.000000e+00	0.000000e+00	0.000000e+00
0.000000e+00	0.000000e+00	0.000000e+00	0.000000e+00	0.000000e+00	0.000000e+00
0.000000e+00	0.000000e+00	0.000000e+00	0.000000e+00	0.000000e+00	0.000000e+00
0.000000e+00	0.000000e+00	0.000000e+00	0.000000e+00	0.000000e+00	0.000000e+00
0.000000e+00	0.000000e+00	0.000000e+00	0.000000e+00	0.000000e+00	0.000000e+00
0.000000e+00	0.000000e+00	0.000000e+00	0.000000e+00	0.000000e+00	0.000000e+00
0.000000e+00	0.000000e+00	0.000000e+00	0.000000e+00	0.000000e+00	0.000000e+00
0.000000e+00	0.000000e+00	0.000000e+00	0.000000e+00	0.000000e+00	0.000000e+00
0.000000e+00	0.000000e+00	0.000000e+00	0.000000e+00	0.000000e+00	0.000000e+00
0.000000e+00	0.000000e+00	0.000000e+00	0.000000e+00	0.000000e+00	0.000000e+00
0.000000e+00	0.000000e+00	0.000000e+00	0.000000e+00	0.000000e+00	0.000000e+00
0.000000e+00	0.000000e+00	0.000000e+00	0.000000e+00	0.000000e+00	0.000000e+00
0.000000e+00	0.000000e+00	0.000000e+00	0.000000e+00	0.000000e+00	0.000000e+00
0.000000e+00	0.000000e+00	0.000000e+00	0.000000e+00	0.000000e+00	0.000000e+00
0.000000e+00	0.000000e+00	0.000000e+00	0.000000e+00	0.000000e+00	0.000000e+00
0.000000e+00	0.000000e+00	0.000000e+00	0.000000e+00	0.000000e+00	0.000000e+00
0.000000e+00	0.000000e+00	0.000000e+00	0.000000e+00	0.000000e+00	0.000000e+00
0.000000e+00	0.000000e+00	0.000000e+00	0.000000e+00	0.000000e+00	0.000000e+00
0.000000e+00	0.000000e+00	0.000000e+00	0.000000e+00	0.000000e+00	0.000000e+00
0.000000e+00	0.000000e+00	0.000000e+00	0.000000e+00	0.000000e+00	0.000000e+00
0.000000e+00	0.000000e+00	0.000000e+00	0.000000e+00	0.000000e+00	0.000000e+00
0.000000e+00	0.000000e+00	0.000000e+00	0.000000e+00	0.000000e+00	0.000000e+00
0.000000e+00	0.000000e+00	0.000000e+00	0.000000e+00	0.000000e+00	0.000000e+00
0.000000e+00	0.000000e+00	0.000000e+00	0.000000e+00	0.000000e+00	0.000000e+00
0.000000e+00	0.000000e+00	0.000000e+00	0.000000e+00	0.000000e+00	0.000000e+00
0.000000e+00	0.000000e+00	0.000000e+00	0.000000e+00	0.000000e+00	0.000000e+00
0.000000e+00	0.000000e+00	0.000000e+00	0.000000e+00	0.000000e+00	0.000000e+00
0.000000e+00	0.000000e+00	0.000000e+00	0.000000e+00	0.000000e+00	0.000000e+00
0.000000e+00	0.000000e+00	0.000000e+00	0.000000e+00	0.000000e+00	0.000000e+00
0.000000e+00	0.000000e+00	0.000000e+00	0.000000e+00	0.000000e+00	0.000000e+00
0.000000e+00	0.000000e+00	0.000000e+00	0.000000e+00	0.000000e+00	0.000000e+00
0.000000e+00	0.000000e+00	0.000000e+00	0.000000e+00	0.000000e+00	0.000000e+00
0.000000e+00	0.000000e+00	0.000000e+00	0.000000e+00	0.000000e+00	0.000000e+00
0.000000e+00	0.000000e+00	0.000000e+00	0.000000e+00	0.000000e+00	0.000000e+00
0.000000e+00	0.000000e+00	0.000000e+00	0.000000e+00	0.000000e+00	0.000000e+00
0.000000e+00	0.000000e+00	0.000000e+00	0.000000e+00	0.000000e+00	0.000000e+00
0.000000e+00	0.000000e+00	0.000000e+00	0.000000e+00	0.000000e+00	0.000000e+00
0.000000e+00	0.000000e+00	0.000000e+00	0.000000e+00	0.000000e+00	0.000000e+00
0.000000e+00	0.000000e+00	0.000000e+00	0.000000e+00	0.000000e+00	0.000000e+00
0.000000e+00	0.000000e+00	0.000000e+00	0.000000e+00	0.000000e+00	0.000000e+00
0.000000e+00	0.000000e+00	0.000000e+00	0.000000e+00	0.000000e+00	0.000000e+00
0.000000e+00	0.000000e+00	0.000000e+00	0.000000e+00	0.000000e+00	0.000000e+00
0.000000e+00	0.000000e+00	0.000000e+00	0.000000e+00	0.000000e+00	0.000000e+00
0.000000e+00	0.000000e+00	0.000000e+00	0.000000e+00	0.000000e+00	0.000000e+00
0.000000e+00	0.000000e+00	0.000000e+00	0.000000e+00	0.000000e+00	0.000000e+00
0.000000e+00	0.000000e+00	0.000000e+00	0.000000e+00	0.000000e+00	0.000000e+00
0.000000e+00	0.000000e+00	0.000000e+00	0.000000e+00	0.000000e+00	0.000000e+00
0.000000e+00	0.000000e+00	0.000000e+00	0.000000e+00	0.000000e+00	0.000000e+00
0.000000e+00	0.000000e+00	0.000000e+00	0.000000e+00	0.000000e+00	0.000000e+00
0.000000e+00	0.000000e+00	0.000000e+00	0.000000e+00	0.000000e+00	0.000000e+00
0.000000e+00	0.000000e+00	0.000000e+00	0.000000e+00	0.000000e+00	0.000000e+00
0.000000e+00	0.000000e+00	0.000000e+00	0.000000e+00	0.000000e+00	0.000000e+00
0.000000e+00	0.000000e+00	0.000000e+00	0.000000e+00	0.000000e+00	0.000000e+00
0.000000e+00	0.000000e+00	0.000000e+00	0.000000e+00	0.000000e+00	0.000000e+00
0.000000e+00	0.000000e+00	0.000000e+00	0.000000e+00	0.000000e+00	0.000000e+00
0.000000e+00	0.000000e+00	0.000000e+00	0.000000e+00	0.000000e+00	0.000000e+00
0.000000e+00	0.000000e+00	0.000000e+00	0.000000e+00	0.000000e+00	0.000000e+00
0.000000e+00	0.000000e+00	0.000000e+00	0.000000e+00	0.000000e+00	0.000000e+00
0.000000e+00	0.000000e+00	0.000000e+00	0.000000e+00	0.000000e+00	0.000000e+00
0.000000e+00	0.000000e+00	0.000000e+00	0.000000e+00	0.000000e+00	0.000000e+00
0.000000e+00	0.000000e+00	0.000000e+00	0.000000e+00	0.000000e+00	0.000000e+00
0.000000e+00	0.000000e+00	0.000000e+00	0.000000e+00	0.000000e+00	0.000000e+00
0.000000e+00	0.000000e+00	0.000000e+00	0.000000e+00	0.000000e+00	0.000000e+00
0.000000e+00	0.000000e+00	0.000000e+00	0.000000e+00	0.000000e+00	0.000000e+00
0.000000e+00	0.000000e+00	0.000000e+00	0.000000e+00	0.000000e+00	0.000000e+00
0.000000e+00	0.000000e+00	0.000000e+00	0.000000e+00	0.000000e+00	0.000000e+00
0.000000e+00	0.000000e+00	0.000000e+00	0.000000e+00	0.000000e+00	0.000000e+00
0.000000e+00	0.000000e+00	0.000000e+00	0.000000e+00	0.000000e+00	0.000000e+00
0.000000e+00	0.000000e+00	0.000000e+00	0.000000e+00	0.000000e+00	0.000000e+00
0.000000e+00	0.000000e+00	0.000000e+00	0.000000e+00	0.000000e+00	0.000000e+00
0.000000e+00	0.000000e+00	0.000000e+00	0.000000e+00	0.000000e+00	0.000000e+00
0.000000e+00	0.000000e+00	0.000000e+00	0.000000e+00	0.000000e+00	0.000000e+00
0.000000e+00	0.000000e+00	0.000000e+00	0.000000e+00	0.000000e+00	0.000000e+00
0.000000e+00	0.000000e+00	0.000000e+00	0.000000e+00	0.000000e+00	0.000000e+00
0.000000e+00	0.000000e+00	0.000000e+00	0.000000e+00	0.000000e+00	0.000000e+00
0.000000e+00	0.000000e+00	0.000000e+00	0.000000e+00	0.000000e+00	0.000000e+00
0.000000e+00	0.000000e+00	0.000000e+00	0.000000e+00	0.000000e+00	0.000000e+00
0.000000e+00	0.000000e+00	0.000000e+00	0.000000e+00	0.000000e+00	0.000000e+00
0.000000e+00	0.000000e+00	0.000000e+00	0.000000e+00	0.000000e+00	0.000000e+00
0.000000e+00	0.000000e+00	0.000000e+00	0.000000e+00	0.000000e+00	0.000000e+00
0.000000e+00	0.000000e+00	0.000000e+00	0.000000e+00	0.000000e+00	0.000000e+00
0.000000e+00	0.000000e+00	0.000000e+00	0.000000e+00	0.000000e+00	0.000000e+00
0.000000e+00	0.000000e+00	0.000000e+00	0.000000e+00	0.000000e+00	0.000000e+00
0.000000e+00	0.000000e+00	0.000000e+00	0.000000e+00	0.000000e+00	0.000000e+00
0.000000e+00	0.000000e+00	0.000000e+00	0.000000e+00	0.000000e+00	0.000000e+00
0.000000e+00	0.000000e+00	0.000000e+00	0.000000e+00	0.000000e+00	0.000000e+00
0.000000e+00	0.000000e+00	0.000000e+00	0.000000e+00	0.000000e+00	0.000000e+00
0.000000e+00	0.000000e+00	0.000000e+00	0.000000e+00	0.000000e+00	0.000000e+00
0.000000e+00	0.000000e+00	0.000000e+00	0.000000e+00	0.000000e+00	0.000000e+00
0.000000e+00	0.000000e+00	0.000000e+00	0.000000e+00	0.000000e+00	0.000000e+00
0.000000e+00	0.000000e+00	0.000000e+00	0.000000e+00	0.000000e+00	0.000000e+00
0.000000e+00	0.000000e+00	0.000000e+00	0.000000e+00	0.000000e+00	0.000000e+00
0.000000e+00	0.000000e+00	0.000000e+00	0.000000e+00	0.000000e+00	0.000000e+00
0.000000e+00	0.000000e+00	0.000000e+00	0.000000e+00	0.000000e+00	0.000000e+00
0.000000e+00	0.000000e+00	0.000000e+00	0.000000e+00	0.000000e+00	0.000000e+00
0.000000e+00	0.000000e+00	0.000000e+00	0.000000e+00	0.000000e+00	0.000000e+00
0.000000e+00	0.000000e+00	0.000000e+00	0.000000e+00	0.000000e+00	0.000000e+00
0.000000e+00	0.000000e+00	0.000000e+00	0.000000e+00	0.000000e+00	0.000000e+00
0.000000e+00	0.000000e+00	0.000000e+00	0.000000e+00	0.000000e+00	0.000000e+00
0.000000e+00	0.000000e+00	0.000000e+00	0.000000e+00	0.000000e+00	0.000000e+00
0.000000e+00	0.000000e+00	0.000000e+00	0.000000e+00	0.000000e+00	0.000000e+00
0.000000e+00	0.000000e+00	0.000000e+00	0.000000e+00	0.000000e+00	0.000000e+00
0.000000e+00	0.000000e+00	0.000000e+00	0.000000e+00	0.000000e+00	0.000000e+00
0.000000e+00	0.000000e+00	0.000000e+00	0.000000e+00	0.000000e+00	0.000000e+00
0.000000e+00	0.000000e+00	0.000000e+00	0.000000e+00	0.000000e+00	0.000000e+00
0.000000e+00	0.000000e+00	0.000000e+00	0.000000e+00	0.000000e+00	0.000000e+00
0.000000e+00	0.000000e+00	0.000000e+00	0.000000e+00	0.000000e+00	0.000000e+00
0.000000e+00	0.000000e+00	0.000000e+00	0.000000e+00	0.000000e+00	0.000000e+00
0.000000e+00	0.000000e+00	0.000000e+00	0.000000e+00	0.000000e+00	0.000000e+00
0.000000e+00	0.000000e+00	0.000000e+00	0.000000e+00	0.000000e+00	0.000000e+00
0.000000e+00	0.000000e+00	0.000000e+00	0.000000e+00	0.000000e+00	0.000000e+00
0.000000e+00	0.000000e+00	0.000000e+00	0.000000e+00	0.000000e+00	0.000000e+00
0.000000e+00	0.000000e+00	0.000000e+00	0.000000e+00	0.000000e+00	0.000000e+00
0.000000e+00	0.000000e+00	0.000000e+00	0.000000e+00	0.000000e+00	0.000000e+00
0.000000e+00	0.000000e+00	0.000000e+00	0.000000e+00	0.000000e+00	0.000000e+00
0.000000e+00	0.000000e+00	0.000000e+00	0.000000e+00	0.000000e+00	0.000000e+00
0.000000e+00	0.000000e+00	0.000000e+00	0.000000e+00	0.000000e+00	0.000000e+00
0.000000e+00	0.000000e+00	0.000000e+00	0.000000e+00	0.000000e+00	0.000000e+00
0.000000e+00	0.000000e+00	0.000000e+00	0.000000e+00	0.000000e+00	0.000000e+00
0.000000e+00	0.000000e+00	0.000000e+00	0.000000e+00	0.000000e+00	0.000000e+00
0.000000e+00	0.000000e+00	0.000000e+00	0.000000e+00	0.000000e+00	0.000000e+00
0.000000e+00	0.000000e+00	0.000000e+00	0.000000e+00	0.000000e+00	0.000000e+00
0.000000e+00	0.000000e+00	0.000000e+00	0.000000e+00	0.000000e+00	0.000000e+00
0.000000e+00	0.000000e+00	0.000000e+00	0.000000e+00	0.000000e+00	0.000000e+00
0.000000e+00	0.000000e+00	0.000000e+00	0.000000e+00	0.000000e+00	0.000000e+00
0.000000e+00	0.000000e+00	0.000000e+00	0.000000e+00	0.000000e+00	0.000000e+00
0.000000e+00	0.000000e+00	0.000000e+00	0.000000e+00	0.000000e+00	0.000000e+00
0.000000e+00	0.000000e+00	0.000000e+00	0.000000e+00	0.000000e+00	0.000000e+00
0.000000e+00	0.000000e+00	0.000000e+00	0.000000e+00	0.000000e+00	0.000000e+00
0.000000e+00	0.000000e+00	0.000000e+00	0.000000e+00	0.000000e+00	0.000000e+00
0.000000e+00	0.000000e+00	0.000000e+00	0.000000e+00	0.000000e+00	0.000000e+00
0.000000e+00	0.000000e+00	0.000000e+00	0.000000e+00	0.000000e+00	0.000000e+00
0.000000e+00	0.000000e+00	0.000000e+00	0.000000e+00	0.000000e+00	0.000000e+00
0.000000e+00	0.000000e+00	0.000000e+00	0.000000e+00	0.000000e+00	0.000000e+00
0.000000e+00	0.000000e+00	0.000000e+00	0.000000e+00	0.000000e+00	0.000000e+00
0.000000e+00	0.000000e+00	0.000000e+00	0.000000e+00	0.000000e+00	0.000000e+00
0.000000e+00	0.000000e+00	0.000000e+00	0.000000e+00	0.000000e+00	0.000000e+00
0.000000e+00	0.000000e+00	0.000000e+00	0.000000e+00	0.000000e+00	0.000000e+00
0.000000e+00	0.000000e+00	0.000000e+00	0.000000e+00	0.000000e+00	0.000000e+00
0.000000e+00	0.000000e+00	0.000000e+00	0.000000e+00	0.000000e+00	0.000000e+00
0.000000e+00	0.000000e+00	0.000000e+00	0.000000e+00	0.000000e+00	0.000000e+00
0.000000e+00	0.000000e+00	0.000000e+00	0.000000e+00	0.000000e+00	0.000000e+00
0.000000e+00	0.000000e+00	0.000000e+00	0.000000e+00	0.000000e+00	0.000000e+00
0.000000e+00	0.000000e+00	0.000000e+00	0.000000e+00	0.000000e+00	0.000000e+00
0.000000e+00	0.000000e+00	0.000000e+00	0.000000e+00	0.000000e+00	0.000000e+00
0.000000e+00	0.000000e+00	0.000000e+00	0.000000e+00	0.000000e+00	0.000000e+00
0.000000e+00	0.000000e+00	0.000000e+00	0.000000e+00	0.000000e+00	0.000000e+00
0.000000e+00	0.000000e+00	0.000000e+00	0.000000e+00	0.000000e+00	0.000000e+00
0.000000e+00	0.000000e+00	0.000000e+00	0.000000e+00	0.000000e+00	0.000000e+00
0.000000e+00	0.000000e+00	0.000000e+00	0.000000e+00	0.000000e+00	0.000000e+00
0.000000e+00	0.000000e+00	0.000000e+00	0.000000e+00	0.000000e+00	0.000000e+00
0.000000e+00	0.000000e+00	0.000000e+00	0.000000e+00	0.000000e+00	0.000000e+00
0.000000e+00	0.000000e+00	0.000000e+00	0.000000e+00	0.000000e+00	0.000000e+00
0.000000e+00	0.000000e+00	0.000000e+00	0.000000e+00	0.000000e+00	0.000000e+00
0.000000e+00	0.000000e+00	0.000000e+00	0.000000e+00	0.000000e+00	0.000000e+00
0.000000e+00	0.000000e+00	0.000000e+00	0.000000e+00	0.000000e+00	0.000000e+00
0.000000e+00	0.000000e+00	0.000000e+00	0.000000e+00	0.000000e+00	0.000000e+00
0.000000e+00	0.000000e+00	0.000000e+00	0.000000e+00	0.000000e+00	0.000000e+00
0.000000e+00	0.000000e+00	0.000000e+00	0.000000e+00	0.000000e+00	0.000000e+00
0.000000e+00	0.000000e+00	0.000000e+00	0.000000e+00	0.000000e+00	0.000000e+00
0.000000e+00	0.000000e+00	0.000000e+00	0.000000e+00	0.000000e+00	0.000000e+00
0.000000e+00	0.000000e+00	0.000000e+00	0.000000e+00	0.000000e+00	0.000000e+00
0.000000e+00	0.000000e+00	0.000000e+00	0.000000e+00	0.000000e+00	0.000000e+00
0.000000e+00	0.000000e+00	0.000000e+00	0.000000e+00	0.000000e+00	0.000000e+00
0.000000e+00	0.000000e+00	0.000000e+00	0.000000e+00	0.000000e+00	0.000000e+00
0.000000e+00	0.000000e+00	0.000000e+00	0.000000e+00	0.000000e+00	0.000000e+00
0.000000e+00	0.000000e+00	0.000000e+00	0.000000e+00	0.000000e+00	0.000000e+00
0.000000e+00	0.000000e+00	0.000000e+00	0.000000e+00	0.000000e+00	0.000000e+00
0.000000e+00	0.000000e+00	0.000000e+00	0.000000e+00	0.000000e+00	0.000000e+00
0.000000e+00	0.000000e+00	0.000000e+00	0.000000e+00	0.000000e+00	0.000000e+00
0.000000e+00	0.000000e+00	0.000000e+00	0.000000e+00	0.000000e+00	0.000000e+00
0.000000e+00	0.000000e+00	0.000000e+00	0.000000e+00	0.000000e+00	0.000000e+00
0.000000e+00	0.000000e+00	0.000000e+00	0.000000e+00	0.000000e+00	0.000000e+00
0.000000e+00	0.000000e+00	0.000000e+00	0.000000e+00	0.000000e+00	0.000000e+00
0.000000e+00	0.000000e+00	0.000000e+00	0.000000e+00	0.000000e+00	0.000000e+00
0.000000e+00	0.000000e+00	0.000000e+00	0.000000e+00	0.000000e+00	0.000000e+00
0.000000e+00	0.000000e+00	0.000000e+00	0.000000e+00	0.000000e+00	0.000000e+00
0.000000e+00	0.000000e+00	0.000000e+00	0.000000e+00	0.000000e+00	0.000000e+00
0.000000e+00	0.000000e+00	0.000000e+00	0.000000e+00	0.000000e+00	0.000000e+00
0.000000e+00	0.000000e+00	0.000000e+00	0.000000e+00	0.000000e+00	0.000000e+00
0.000000e+00	0.000000e+00	0.000000e+00	0.000000e+00	0.000000e+00	0.000000e+00
0.000000e+00	0.000000e+00	0.000000e+00	0.000000e+00	0.000000e+00	0.000000e+00
0.000000e+00	0.000000e+00	0.000000e+00	0.000000e+00	0.000000e+00	0.000000e+00
0.000000e+00	0.000000e+00	0.000000e+00	0.000000e+00	0.000000e+00	0.000000e+00
0.000000e+00	0.000000e+00	0.000000e+00	0.000000e+00	0.000000e+00	0.000000e+00
0.000000e+00	0.000000e+00	0.000000e+00	0.000000e+00	0.000000e+00	0.000000e+00
0.000000e+00	0.000000e+00	0.000000e+00	0.000000e+00	0.000000e+00	0.000000e+00
0.000000e+00	0.000000e+00	0.000000e+00	0.000000e+00	0.000000e+00	0.000000e+00
0.000000e+00	0.000000e+00	0.000000e+00	0.000000e+00	0.000000e+00	0.000000e+00
0.000000e+00	0.000000e+00	0.000000e+00	0.000000e+00	0.000000e+00	0.000000e+00
0.000000e+00	0.000000e+00	0.000000e+00	0.000000e+00	0.000000e+00	0.000000e+00
0.000000e+00	0.000000e+00	0.000000e+00	0.000000e+00	0.000000e+00	0.000000e+00
0.000000e+00	0.000000e+00	0.000000e+00	0.000000e+00	0.000000e+00	0.000000e+00
0.000000e+00	0.000000e+00	0.000000e+00	0.000000e+00	0.000000e+00	0.000000e+00
0.000000e+00	0.000000e+00	0.000000e+00	0.000000e+00	0.000000e+00	0.000000e+00
0.000000e+00	0.000000e+00	0.000000e+00	0.000000e+00	0.000000e+00	0.000000e+00
0.000000e+00	0.000000e+00	0.000000e+00	0.000000e+00	0.000000e+00	0.000000e+00
0.000000e+00	0.000000e+00	0.000000e+00	0.000000e+00	0.000000e+00	0.000000e+00
0.000000e+00	0.000000e+00	0.000000e+00	0.000000e+00	0.000000e+00	0.000000e+00
0.000000e+00	0.000000e+00	0.000000e+00	0.000000e+00	0.000000e+00	0.000000e+00
0.000000e+00	0.000000e+00	0.000000e+00	0.000000e+00	0.000000e+00	0.000000e+00
0.000000e+00	0.000000e+00	0.000000e+00	0.000000e+00	0.000000e+00	0.000000e+00
0.000000e+00	0.000000e+00	0.000000e+00	0.000000e+00	0.000000e+00	0.000000e+00
0.000000e+00	0.000000e+00	0.000000e+00	0.000000e+00	0.000000e+00	0.000000e+00
0.000000e+00	0.000000e+00	0.000000e+00	0.000000e+00	0.000000e+00	0.000000e+00
0.000000e+00	0.000000e+00	0.000000e+00	0.000000e+00	0.000000e+00	0.000000e+00
0.000000e+00	0.000000e+00	0.000000e+00	0.000000e+00	0.000000e+00	0.000000e+00
0.000000e+00	0.000000e+00	0.000000e+00	0.000000e+00	0.000000e+00	0.000000e+00
0.000000e+00	0.000000e+00	0.000000e+00	0.000000e+00	0.000000e+00	0.000000e+00
0.000000e+00	0.000000e+00	0.000000e+00	0.000000e+00	0.000000e+00	0.000000e+00
0.000000e+00	0.000000e+00	0.000000e+00	0.000000e+00	0.000000e+00	0.000000e+00
0.000000e+00	0.000000e+00	0.000000e+00	0.000000e+00	0.000000e+00	0.000000e+00
0.000000e+00	0.000000e+00	0.000000e+00	0.000000e+00	0.000000e+00	0.000000e+00
0.000000e+00	0.000000e+00	0.000000e+00	0.000000e+00	0.000000e+00	0.000000e+00
0.000000e+00	0.000000e+00	0.000000e+00	0.000000e+00	0.000000e+00	0.000000e+00
0.000000e+00	0.000000e+00	0.000000e+00	0.000000e+00	0.000000e+00	0.000000e+00
0.000000e+00	0.000000e+00	0.000000e+00	0.000000e+00	0.000000e+00	0.000000e+00
0.000000e+00	0.000000e+00	0.000000e+00	0.000000e+00	0.000000e+00	0.000000e+00
0.000000e+00	0.000000e+00	0.000000e+00	0.000000e+00	0.000000e+00	0.000000e+00
0.000000e+00	0.000000e+00	0.000000e+00	0.000000e+00	0.000000e+00	0.000000e+00
0.000000e+00	0.000000e+00	0.000000e+00	0.000000e+00	0.000000e+00	0.000000e+00
0.000000e+00	0.000000e+00	0.000000e+00	0.000000e+00	0.000000e+00	0.000000e+00
0.000000e+00	0.000000e+00	0.000000e+00	0.000000e+00	0.000000e+00	0.000000e+00
0.000000e+00	0.000000e+00	0.000000e+00	0.000000e+00	0.000000e+00	0.000000e+00
0.000000e+00	0.000000e+00	0.000000e+00	0.000000e+00	0.000000e+00	0.000000e+00
0.000000e+00	0.000000e+00	0.000000e+00	0.000000e+00	0.000000e+00	0.000000e+00
0.000000e+00	0.000000e+00	0.000000e+00	0.000000e+00	0.000000e+00	0.000000e+00
0.000000e+00	0.000000e+00	0.000000e+00	0.000000e+00	0.000000e+00	0.000000e+00
0.000000e+00	0.000000e+00	0.000000e+00	0.000000e+00	0.000000e+00	0.000000e+00
0.000000e+00	0.000000e+00	0.000000e+00	0.000000e+00	0.000000e+00	0.000000e+00
0.000000e+00	0.000000e+00	0.000000e+00	0.000000e+00	0.000000e+00	0.000000e+00
0.000000e+00	0.000000e+00	0.000000e+00	0.000000e+00	0.000000e+00	0.000000e+00
0.000000e+00	0.000000e+00	0.000000e+00	0.000000e+00	0.000000e+00	0.000000e+00
0.000000e+00	0.000000e+00	0.000000e+00	0.000000e+00	0.000000e+00	0.000000e+00
0.000000e+00	0.000000e+00	0.000000e+00	0.000000e+00	0.000000e+00	0.000000e+00
0.000000e+00	0.000000e+00	0.000000e+00	0.000000e+00	0.000000e+00	0.000000e+00
0.000000e+00	0.000000e+00	0.000000e+00	0.000000e+00	0.000000e+00	0.000000e+00
0.000000e+00	0.000000e+00	0.000000e+00	0.000000e+00	0.000000e+00	0.000000e+00
0.000000e+00	0.000000e+00	0.000000e+00	0.000000e+00	0.000000e+00	0.000000e+00
0.000000e+00	0.000000e+00	0.000000e+00	0.000000e+00	0.000000e+00	0.000000e+00
0.000000e+00	0.000000e+00	0.000000e+00	0.000000e+00	0.000000e+00	0.000000e+00
0.000000e+00	0.000000e+00	0.000000e+00	0.000000e+00	0.000000e+00	0.000000e+00
0.000000e+00	0.000000e+00	0.000000e+00	0.000000e+00	0.000000e+00	0.000000e+00
0.000000e+00	0.000000e+00	0.000000e+00	0.000000e+00	0.000000e+00	0.000000e+00
0.000000e+00	0.000000e+00	0.000000e+00	0.000000e+00	0.000000e+00	0.000000e+00
0.000000e+00	0.000000e+00	0.000000e+00	0.000000e+00	0.000000e+00	0.000000e+00
0.000000e+00	0.000000e+00	0.000000e+00	0.000000e+00	0.000000e+00	0.000000e+00
0.000000e+00	0.000000e+00	0.000000e+00	0.000000e+00	0.000000e+00	0.000000e+00
0.000000e+00	0.000000e+00	0.000000e+00	0.000000e+00	0.000000e+00	0.000000e+00
0.000000e+00	0.000000e+00	0.000000e+00	0.000000e+00	0.000000e+00	0.000000e+00
0.000000e+00	0.000000e+00	0.000000e+00	0.000000e+00	0.000000e+00	0.000000e+00
0.000000e+00	0.000000e+00	0.000000e+00	0.000000e+00	0.000000e+00	0.000000e+00
0.000000e+00	0.000000e+00	0.000000e+00	0.000000e+00	0.000000e+00	0.000000e+00
0.000000e+00	0.000000e+00	0.000000e+00	0.000000e+00	0.000000e+00	0.000000e+00
0.000000e+00	0.000000e+00	0.000000e+00	0.000000e+00	0.000000e+00	0.000000e+00
0.000000e+00	0.000000e+00	0.000000e+00	0.000000e+00	0.000000e+00	0.000000e+00
0.000000e+00	0.000000e+00	0.000000e+00	0.000000e+00	0.000000e+00	0.000000e+00
0.000000e+00	0.000000e+00	0.000000e+00	0.000000e+00	0.000000e+00	0.000000e+00
0.000000e+00	0.000000e+00	0.000000e+00	0.000000e+00	0.000000e+00	0.000000e+00
0.000000e+00	0.000000e+00	0.000000e+00	0.000000e+00	0.000000e+00	0.000000e+00
0.000000e+00	0.000000e+00	0.000000e+00	0.000000e+00	0.000000e+00	0.000000e+00
0.000000e+00	0.000000e+00	0.000000e+00	0.000000e+00	0.000000e+00	0.000000e+00
0.000000e+00	0.000000e+00	0.000000e+00	0.000000e+00	0.000000e+00	0.000000e+00
0.000000e+00	0.000000e+00	0.000000e+00	0.000000e+00	0.000000e+00	0.000000e+00
0.000000e+00	0.000000e+00	0.000000e+00	0.000000e+00	0.000000e+00	0.000000e+00
0.000000e+00	0.000000e+00	0.000000e+00	0.000000e+00	0.000000e+00	0.000000e+00
0.000000e+00	0.000000e+00	0.000000e+00	0.000000e+00	0.000000e+00	0.000000e+00
0.000000e+00	0.000000e+00	0.000000e+00	0.000000e+00	0.000000e+00	0.000000e+00
0.000000e+00	0.000000e+00	0.000000e+00	0.000000e+00	0.000000e+00	0.000000e+00
0.000000e+00	0.000000e+00	0.000000e+00	0.000000e+00	0.000000e+00	0.000000e+00
0.000000e+00	0.000000e+00	0.000000e+00	0.000000e+00	0.000000e+00	0.000000e+00
0.000000e+00	0.000000e+00	0.000000e+00	0.000000e+00	0.000000e+00	0.000000e+00
0.000000e+00	0.000000e+00	0.000000e+00	0.000000e+00	0.000000e+00	0.000000e+00
0.000000e+00	0.000000e+00	0.000000e+00	0.000000e+00	0.000000e+00	0.000000e+00
0.000000e+00	0.000000e+00	0.000000e+00	0.000000e+00	0.000000e+00	0.000000e+00
0.000000e+00	0.000000e+00	0.000000e+00	0.000000e+00	0.000000e+00	0.000000e+00
0.000000e+00	0.000000e+00	0.000000e+00	0.000000e+00	0.000000e+00	0.000000e+00
0.000000e+00	0.000000e+00	0.000000e+00	0.000000e+00	0.000000e+00	0.000000e+00
0.000000e+00	0.000000e+00	0.000000e+00	0.000000e+00	0.000000e+00	0.000000e+00
0.000000e+00	0.000000e+00	0.000000e+00	0.000000e+00	0.000000e+00	0.000000e+00
0.000000e+00	0.000000e+00	0.000000e+00	0.000000e+00	0.000000e+00	0.000000e+00
0.000000e+00	0.000000e+00	0.000000e+00	0.000000e+00	0.000000e+00	0.000000e+00
0.000000e+00	0.000000e+00	0.000000e+00	0.000000e+00	0.000000e+00	0.000000e+00
0.000000e+00	0.000000e+00	0.000000e+00	0.000000e+00	0.000000e+00	0.000000e+00
0.000000e+00	0.000000e+00	0.000000e+00	0.000000e+00	0.000000e+00	0.000000e+00
0.000000e+00	0.000000e+00	0.000000e+00	0.000000e+00	0.000000e+00	0.000000e+00
0.000000e+00	0.000000e+00	0.000000e+00	0.000000e+00	0.000000e+00	0.000000e+00
0.000000e+00	0.000000e+00	0.000000e+00	0.000000e+00	0.000000e+00	0.000000e+00
0.000000e+00	0.000000e+00	0.000000e+00	0.000000e+00	0.000000e+00	0.000000e+00
0.000000e+00	0.000000e+00	0.000000e+00	0.000000e+00	0.000000e+00	0.000000e+00
0.000000e+00	0.000000e+00	0.000000e+00	0.000000e+00	0.000000e+00	0.000000e+00
0.000000e+00	0.000000e+00	0.000000e+00	0.000000e+00	0.000000e+00	0.000000e+00
0.000000e+00	0.000000e+00	0.000000e+00	0.000000e+00	0.000000e+00	0.000000e+00
0.000000e+00	0.000000e+00	0.000000e+00	0.000000e+00	0.000000e+00	0.000000e+00
0.000000e+00	0.000000e+00	0.000000e+00	0.000000e+00	0.000000e+00	0.000000e+00
0.000000e+00	0.000000e+00	0.000000e+00	0.000000e+00	0.000000e+00	0.000000e+00
0.000000e+00	0.000000e+00	0.000000e+00	0.000000e+00	0.000000e+00	0.000000e+00
0.000000e+00	0.000000e+00	0.000000e+00	0.000000e+00	0.000000e+00	0.000000e+00
0.000000e+00	0.000000e+00	0.000000e+00	0.000000e+00	0.000000e+00	0.000000e+00
0.000000e+00	0.000000e+00	0.000000e+00	0.000000e+00	0.000000e+00	0.000000e+00
0.000000e+00	0.000000e+00	0.000000e+00	0.000000e+00	0.000000e+00	0.000000e+00
0.000000e+00	0.000000e+00	0.000000e+00	0.000000e+00	0.000000e+00	0.000000e+00
0.000000e+00	0.000000e+00	0.000000e+00	0.000000e+00	0.000000e+00	0.000000e+00
0.000000e+00	0.000000e+00	0.000000e+00	0.000000e+00	0.000000e+00	0.000000e+00
0.000000e+00	0.000000e+00	0.000000e+00	0.000000e+00	0.000000e+00	0.000000e+00
0.000000e+00	0.000000e+00	0.000000e+00	0.000000e+00	0.000000e+00	0.000000e+00
0.000000e+00	0.000000e+00	0.000000e+00	0.000000e+00	0.000000e+00	0.000000e+00
0.000000e+00	0.000000e+00	0.000000e+00	0.000000e+00	0.000000e+00	0.000000e+00
0.000000e+00	0.000000e+00	0.000000e+00	0.000000e+00	0.000000e+00	0.000000e+00
0.000000e+00	0.000000e+00	0.000000e+00	0.000000e+00	0.000000e+00	0.000000e+00
0.000000e+00	0.000000e+00	0.000000e+00	0.000000e+00	0.000000e+00	0.000000e+00
0.000000e+00	0.000000e+00	0.000000e+00	0.000000e+00	0.000000e+00	0.000000e+00
0.000000e+00	0.000000e+00	0.000000e+00	0.000000e+00	0.000000e+00	0.000000e+00
0.000000e+00	0.000000e+00	0.000000e+00	0.000000e+00	0.000000e+00	0.000000e+00
0.000000e+00	0.000000e+00	0.000000e+00	0.000000e+00	0.000000e+00	0.000000e+00
0.000000e+00	0.000000e+00	0.000000e+00	0.000000e+00	0.000000e+00	0.000000e+00
0.000000e+00	0.000000e+00	0.000000e+00	0.000000e+00	0.000000e+00	0.000000e+00
0.000000e+00	0.000000e+00	0.000000e+00	0.000000e+00	0.000000e+00	0.000000e+00
0.000000e+00	0.000000e+00	0.000000e+00	0.000000e+00	0.000000e+00	0.000000e+00
0.000000e+00	0.000000e+00	0.000000e+00	0.000000e+00	0.000000e+00	0.000000e+00
0.000000e+00	0.000000e+00	0.000000e+00	0.000000e+00	0.000000e+00	0.000000e+00
0.000000e+00	0.000000e+00	0.000000e+00	0.000000e+00	0.000000e+00	0.000000e+00
0.000000e+00	0.000000e+00	0.000000e+00	0.000000e+00	0.000000e+00	0.000000e+00
0.000000e+00	0.000000e+00	0.000000e+00	0.000000e+00	0.000000e+00	0.000000e+00
0.000000e+00	0.000000e+00	0.000000e+00	0.000000e+00	0.000000e+00	0.000000e+00
0.000000e+00	0.000000e+00	0.000000e+00	0.000000e+00	0.000000e+00	0.000000e+00
0.000000e+00	0.000000e+00	0.000000e+00	0.000000e+00	0.000000e+00	0.000000e+00
0.000000e+00	0.000000e+00	0.000000e+00	0.000000e+00	0.000000e+00	0.000000e+00
0.000000e+00	0.000000e+00	0.000000e+00	0.000000e+00	0.000000e+00	0.000000e+00
0.000000e+00	0.000000e+00	0.000000e+00	0.000000e+00	0.000000e+00	0.000000e+00
0.000000e+00	0.000000e+00	0.000000e+00	0.000000e+00	0.000000e+00	0.000000e+00
0.000000e+00	0.000000e+00	0.000000e+00	0.000000e+00	0.000000e+00	0.000000e+00
0.000000e+00	0.000000e+00	0.000000e+00	0.000000e+00	0.000000e+00	0.000000e+00
0.000000e+00	0.000000e+00	0.000000e+00	0.000000e+00	0.000000e+00	0.000000e+00
0.000000e+00	0.000000e+00	0.000000e+00	0.000000e+00	0.000000e+00	0.000000e+00
0.000000e+00	0.000000e+00	0.000000e+00	0.000000e+00	0.000000e+00	0.000000e+00
0.000000e+00	0.000000e+00	0.000000e+00	0.000000e+00	0.000000e+00	0.000000e+00
0.000000e+00	0.000000e+00	0.000000e+00	0.000000e+00	0.000000e+00	0.000000e+00
0.000000e+00	0.000000e+00	0.000000e+00	0.000000e+00	0.000000e+00	0.000000e+00
0.000000e+00	0.000000e+00	0.000000e+00	0.000000e+00	0.000000e+00	0.000000e+00
0.000000e+00	0.000000e+00	0.000000e+00	0.000000e+00	0.000000e+00	0.000000e+00
0.000000e+00	0.000000e+00	0.000000e+00	0.000000e+00	0.000000e+00	0.000000e+00
0.000000e+00	0.000000e+00	0.000000e+00	0.000000e+00	0.000000e+00	0.000000e+00
0.000000e+00	0.000000e+00	0.000000e+00	0.000000e+00	0.000000e+00	0.000000e+00
0.000000e+00	0.000000e+00	0.000000e+00	0.000000e+00	0.000000e+00	0.000000e+00
0.000000e+00	0.000000e+00	0.000000e+00	0.000000e+00	0.000000e+00	0.000000e+00
0.000000e+00	0.000000e+00	0.000000e+00	0.000000e+00	0.000000e+00	0.000000e+00
0.000000e+00	0.000000e+00	0.000000e+00	0.000000e+00	0.000000e+00	0.000000e+00
0.000000e+00	0.000000e+00	0.000000e+00	0.000000e+00	0.000000e+00	0.000000e+00
0.000000e+00	0.000000e+00	0.000000e+00	0.000000e+00	0.000000e+00	0.000000e+00
0.000000e+00	0.000000e+00	0.000000e+00	0.000000e+00	0.000000e+00	0.000000e+00
0.000000e+00	0.000000e+00	0.000000e+00	0.000000e+00	0.000000e+00	0.000000e+00
0.000000e+00	0.000000e+00	0.000000e+00	0.000000e+00	0.000000e+00	0.000000e+00
0.000000e+00	0.000000e+00	0.000000e+00	0.000000e+00	0.000000e+00	0.000000e+00
0.000000e+00	0.000000e+00	0.000000e+00	0.000000e+00	0.000000e+00	0.000000e+00
0.000000e+00	0.000000e+00	0.000000e+00	0.000000e+00	0.000000e+00	0.000000e+00
0.000000e+00	0.000000e+00	0.000000e+00	0.000000e+00	0.000000e+00	0.000000e+00
0.000000e+00	0.000000e+00	0.000000e+00	0.000000e+00	0.000000e+00	0.000000e+00
0.000000e+00	0.000000e+00	0.000000e+00	0.000000e+00	0.000000e+00	0.000000e+00
0.000000e+00	0.000000e+00	0.000000e+00	0.000000e+00	0.000000e+00	0.000000e+00
0.000000e+00	0.000000e+00	0.000000e+00	0.000000e+00	0.000000e+00	0.000000e+00
0.000000e+00	0.000000e+00	0.000000e+00	0.000000e+00	0.000000e+00	0.000000e+00
0.000000e+00	0.000000e+00	0.000000e+00	0.000000e+00	0.000000e+00	0.000000e+00
0.000000e+00	0.000000e+00	0.000000e+00	0.000000e+00	0.000000e+00	0.000000e+00
0.000000e+00	0.000000e+00	0.000000e+00	0.000000e+00	0.000000e+00	0.000000e+00
0.000000e+00	0.000000e+00	0.000000e+00	0.000000e+00	0.000000e+00	0.000000e+00
0.000000e+00	0.000000e+00	0.000000e+00	0.000000e+00	0.000000e+00	0.000000e+00
0.000000e+00	0.000000e+00	0.000000e+00	0.000000e+00	0.000000e+00	0.000000e+00
0.000000e+00	0.000000e+00	0.000000e+00	0.000000e+00	0.000000e+00	0.000000e+00
0.000000e+00	0.000000e+00	0.000000e+00	0.000000e+00	0.000000e+00	0.000000e+00
0.000000e+00	0.000000e+00	0.000000e+00	0.000000e+00	0.000000e+00	0.000000e+00
0.000000e+00	0.000000e+00	0.000000e+00	0.000000e+00	0.000000e+00	0.000000e+00
0.000000e+00	0.000000e+00	0.000000e+00	0.000000e+00	0.000000e+00	0.000000e+00
0.000000e+00	0.000000e+00	0.000000e+00	0.000000e+00	0.000000e+00	0.000000e+00
0.000000e+00	0.000000e+00	0.000000e+00	0.000000e+00	0.000000e+00	0.000000e+00
0.000000e+00	0.000000e+00	0.000000e+00	0.000000e+00	0.000000e+00	0.000000e+00
0.000000e+00	0.000000e+00	0.000000e+00	0.000000e+00	0.000000e+00	0.000000e+00
0.000000e+00	0.000000e+00	0.000000e+00	0.000000e+00	0.000000e+00	0.000000e+00
0.000000e+00	0.000000e+00	0.000000e+00	0.000000e+00	0.000000e+00	0.000000e+00
0.000000e+00	0.000000e+00	0.000000e+00	0.000000e+00	0.000000e+00	0.000000e+00
0.000000e+00	0.000000e+00	0.000000e+00	0.000000e+00	0.000000e+00	0.000000e+00
0.000000e+00	0.000000e+00	0.000000e+00	0.000000e+00	0.000000e+00	0.000000e+00
0.000000e+00	0.000000e+00	0.000000e+00	0.000000e+00	0.000000e+00	0.000000e+00
0.000000e+00	0.000000e+00	0.000000e+00	0.000000e+00	0.000000e+00	0.000000e+00
0.000000e+00	0.000000e+00	0.000000e+00	0.000000e+00	0.000000e+00	0.000000e+00
0.000000e+00	0.000000e+00	0.000000e+00	0.000000e+00	0.000000e+00	0.000000e+00
0.000000e+00	0.000000e+00	0.000000e+00	0.000000e+00	0.000000e+00	0.000000e+00
0.000000e+00	0.000000e+00	0.000000e+00	0.000000e+00	0.000000e+00	0.000000e+00
0.000000e+00	0.000000e+00	0.000000e+00	0.000000e+00	0.000000e+00	0.000000e+00
0.000000e+00	0.000000e+00	0.000000e+00	0.000000e+00	0.000000e+00	0.000000e+00
0.000000e+00	0.000000e+00	0.000000e+00	0.000000e+00	0.000000e+00	0.000000e+00
0.000000e+00	0.000000e+00	0.000000e+00	0.000000e+00	0.000000e+00	0.000000e+00
0.000000e+00	0.000000e+00	0.000000e+00	0.000000e+00	0.000000e+00	0.000000e+00
0.000000e+00	0.000000e+00	0.000000e+00	0.000000e+00	0.000000e+00	0.000000e+00
0.000000e+00	0.000000e+00	0.000000e+00	0.000000e+00	0.000000e+00	0.000000e+00
0.000000e+00	0.000000e+00	0.000000e+00	0.000000e+00	0.000000e+00	0.000000e+00
0.000000e+00	0.000000e+00	0.000000e+00	0.000000e+00	0.000000e+00	0.000000e+00
0.000000e+00	0.000000e+00	0.000000e+00	0.000000e+00	0.000000e+00	0.000000e+00
0.000000e+00	0.000000e+00	0.000000e+00	0.000000e+00	0.000000e+00	0.000000e+00
0.000000e+00	0.000000e+00	0.000000e+00	0.000000e+00	0.000000e+00	0.000000e+00
0.000000e+00	0.000000e+00	0.000000e+00	0.000000e+00	0.000000e+00	0.000000e+00
0.000000e+00	0.000000e+00	0.000000e+00	0.000000e+00	0.000000e+00	0.000000e+00
0.000000e+00	0.000000e+00	0.000000e+00	0.000000e+00	0.000000e+00	0.000000e+00
0.000000e+00	0.000000e+00	0.000000e+00	0.000000e+00	0.000000e+00	0.000000e+00
0.000000e+00	0.000000e+00	0.000000e+00	0.000000e+00	0.000000e+00	0.000000e+00
0.000000e+00	0.000000e+00	0.000000e+00	0.000000e+00	0.000000e+00	0.000000e+00
0.000000e+00	0.000000e+00	0.000000e+00	0.000000e+00	0.000000e+00	0.000000e+00
0.000000e+00	0.000000e+00	0.000000e+00	0.000000e+00	0.000000e+00	0.000000e+00
0.000000e+00	0.000000e+00	0.000000e+00	0.000000e+00	0.000000e+00	0.000000e+00
0.000000e+00	0.000000e+00	0.000000e+00	0.000000e+00	0.000000e+00	0.000000e+00
0.000000e+00	0.000000e+00	0.000000e+00	0.000000e+00	0.000000e+00	0.000000e+00
0.000000e+00	0.000000e+00	0.000000e+00	0.000000e+00	0.000000e+00	0.000000e+00
0.000000e+00	0.000000e+00	0.000000e+00	0.000000e+00	0.000000e+00	0.000000e+00
0.000000e+00	0.000000e+00	0.000000e+00	0.000000e+00	0.000000e+00	0.000000e+00
0.000000e+00	0.000000e+00	0.000000e+00	0.000000e+00	0.000000e+00	0.000000e+00
0.000000e+00	0.000000e+00	0.000000e+00	0.000000e+00	0.000000e+00	0.000000e+00
0.000000e+00	0.000000e+00	0.000000e+00	0.000000e+00	0.000000e+00	0.000000e+00
0.000000e+00	0.000000e+00	0.000000e+00	0.000000e+00	0.000000e+00	0.000000e+00
0.000000e+00	0.000000e+00	0.000000e+00	0.000000e+00	0.000000e+00	0.000000e+00
0.000000e+00	0.000000e+00	0.000000e+00	0.000000e+00	0.000000e+00	0.000000e+00
0.000000e+00	0.000000e+00	0.000000e+00	0.000000e+00	0.000000e+00	0.000000e+00
0.000000e+00	0.000000e+00	0.000000e+00	0.000000e+00	0.000000e+00	0.000000e+00
0.000000e+00	0.000000e+00	0.000000e+00	0.000000e+00	0.000000e+00	0.000000e+00
0.000000e+00	0.000000e+00	0.000000e+00	0.000000e+00	0.000000e+00	0.000000e+00
0.000000e+00	0.000000e+00	0.000000e+00	0.000000e+00	0.000000e+00	0.000000e+00
0.000000e+00	0.000000e+00	0.000000e+00	0.000000e+00	0.000000e+00	0.000000e+00
0.000000e+00	0.000000e+00	0.000000e+00	0.000000e+00	0.000000e+00	0.000000e+00
0.000000e+00	0.000000e+00	0.000000e+00	0.000000e+00	0.000000e+00	0.000000e+00
0.000000e+00	0.000000e+00	0.000000e+00	0.000000e+00	0.000000e+00	0.000000e+00
0.000000e+00	0.000000e+00	0.000000e+00	0.000000e+00	0.000000e+00	0.000000e+00
0.000000e+00	0.000000e+00	0.000000e+00	0.000000e+00	0.000000e+00	0.000000e+00
0.000000e+00	0.000000e+00	0.000000e+00	0.000000e+00	0.000000e+00	0.000000e+00
0.000000e+00	0.000000e+00	0.000000e+00	0.000000e+00	0.000000e+00	0.000000e+00
0.000000e+00	0.000000e+00	0.000000e+00	0.000000e+00	0.000000e+00	0.000000e+00
0.000000e+00	0.000000e+00	0.000000e+00	0.000000e+00	0.000000e+00	0.000000e+00
0.000000e+00	8.696652e-33	0.000000e+00	0.000000e+00	1.212709e-16	0.000000e+00
4.046806e-06	1.629280e-07	3.387300e-10	4.046827e-03	1.629286e-04	3.225900e-07
1.615515e-05	6.504191e-07	1.226800e-09	8.077665e-03	3.252125e-04	5.519300e-07
3.627724e-05	1.460548e-06	2.486900e-09	1.209264e-02	4.868567e-04	6.978000e-07
6.436573e-05	2.591405e-06	3.962400e-09	1.609186e-02	6.478663e-04	7.702000e-07
1.003737e-04	4.041102e-06	5.517000e-09	2.007547e-02	8.082464e-04	7.790000e-07
1.442546e-04	5.807764e-06	7.034000e-09	2.404358e-02	9.680022e-04	7.342000e-07
1.959625e-04	7.889538e-06	8.418000e-09	2.799632e-02	1.127139e-03	6.459000e-07
2.554516e-04	1.028459e-05	9.594000e-09	3.193381e-02	1.285662e-03	5.241000e-07
3.226769e-04	1.299109e-05	1.050400e-08	3.585620e-02	1.443577e-03	3.792000e-07
3.975935e-04	1.600724e-05	1.111600e-08	3.976360e-02	1.600888e-03	2.213000e-07
4.801571e-04	1.933126e-05	1.141400e-08	4.365616e-02	1.757603e-03	1.025000e-07
5.703238e-04	2.296139e-05	1.140400e-08	4.753399e-02	1.913725e-03	9.200000e-08
6.680501e-04	2.689586e-05	1.111100e-08	5.139724e-02	2.069260e-03	2.267000e-07
7.732931e-04	3.113296e-05	1.058200e-08	5.524605e-02	2.224215e-03	3.327000e-07
8.860101e-04	3.567097e-05	9.883000e-09	5.908054e-02	2.378595e-03	3.995000e-07
1.006159e-03	4.050819e-05	9.100000e-09	6.290086e-02	2.532405e-03	4.179000e-07
1.133698e-03	4.564294e-05	8.320000e-09	6.670713e-02	2.685649e-03	3.918000e-07
1.268586e-03	5.107356e-05	7.640000e-09	7.049947e-02	2.838333e-03	3.327000e-07
1.410781e-03	5.679840e-05	7.090000e-09	7.427800e-02	2.990459e-03	2.524000e-07
1.560244e-03	6.281582e-05	6.700000e-09	7.804284e-02	3.142033e-03	1.624000e-07
1.716933e-03	6.912421e-05	6.480000e-09	8.179411e-02	3.293059e-03	7.500000e-08
1.880810e-03	7.572194e-05	6.430000e-09	8.553193e-02	3.443541e-03	3.910000e-08
2.051835e-03	8.260744e-05	6.500000e-09	8.925643e-02	3.593483e-03	5.970000e-08
2.229969e-03	8.977913e-05	6.680000e-09	9.296774e-02	3.742890e-03	1.737000e-07
2.415172e-03	9.723543e-05	6.970000e-09	9.666594e-02	3.891768e-03	2.673000e-07
2.607408e-03	1.049748e-04	7.360000e-09	1.003512e-01	4.040125e-03	2.650000e-07
2.806637e-03	1.129958e-04	7.800000e-09	1.040235e-01	4.187966e-03	2.380000e-07
3.012823e-03	1.212968e-04	8.270000e-09	1.076830e-01	4.335300e-03	2.370000e-07
3.225927e-03	1.298763e-04	8.710000e-09	1.113299e-01	4.482132e-03	5.500000e-07
3.445914e-03	1.387330e-04	9.060000e-09	1.149642e-01	4.628470e-03	6.570000e-07
3.672746e-03	1.478653e-04	9.240000e-09	1.185861e-01	4.774320e-03	3.410000e-07
3.906387e-03	1.572718e-04	9.160000e-09	1.221956e-01	4.919684e-03	5.730000e-07
4.146802e-03	1.669511e-04	8.770000e-09	1.257929e-01	5.064557e-03	1.723000e-06
4.393954e-03	1.769017e-04	8.000000e-09	1.293781e-01	5.208935e-03	2.358000e-06
4.647809e-03	1.871223e-04	6.880000e-09	1.329514e-01	5.352814e-03	1.716000e-06
4.908332e-03	1.976113e-04	7.960000e-09	1.365128e-01	5.496189e-03	9.710000e-07
5.175488e-03	2.083673e-04	4.060000e-09	1.400625e-01	5.639055e-03	5.531000e-06
5.449244e-03	2.193889e-04	1.219000e-08	1.436007e-01	5.781409e-03	9.381000e-06
5.729566e-03	2.306747e-04	3.060000e-08	1.471274e-01	5.923254e-03	9.547000e-06
6.016421e-03	2.422231e-04	4.366000e-08	1.506427e-01	6.064612e-03	3.125000e-06
6.309774e-03	2.540329e-04	3.657000e-08	1.541467e-01	6.205519e-03	1.256200e-05
6.609594e-03	2.661027e-04	8.520000e-09	1.576392e-01	6.346012e-03	3.781600e-05
6.915847e-03	2.784314e-04	1.080900e-07	1.611203e-01	6.486128e-03	7.140600e-05
7.228501e-03	2.910179e-04	2.762300e-07	1.645900e-01	6.625905e-03	1.120680e-04
7.547522e-03	3.038609e-04	5.246300e-07	1.680484e-01	6.765378e-03	1.585330e-04
7.872879e-03	3.169597e-04	8.626300e-07	1.714953e-01	6.904575e-03	2.095220e-04
8.204538e-03	3.303131e-04	1.297250e-06	1.749310e-01	7.043480e-03	2.638600e-04
8.542468e-03	3.439202e-04	1.833560e-06	1.783559e-01	7.182002e-03	3.206410e-04
8.886639e-03	3.577795e-04	2.475060e-06	1.817703e-01	7.320022e-03	3.790010e-04
9.237019e-03	3.718898e-04	3.223630e-06	1.851747e-01	7.457418e-03	4.380660e-04
9.593581e-03	3.862491e-04	4.079580e-06	1.885695e-01	7.594069e-03	4.969620e-04
9.956295e-03	4.008558e-04	5.041600e-06	1.919553e-01	7.729854e-03	5.548060e-04
1.032514e-02	4.157075e-04	6.106800e-06	1.953323e-01	7.864660e-03	6.107130e-04
1.070007e-02	4.308021e-04	7.270600e-06	1.987012e-01	7.998467e-03	6.637550e-04
1.108109e-02	4.461374e-04	8.526400e-06	2.020614e-01	8.131442e-03	7.121770e-04
1.146815e-02	4.617119e-04	9.863400e-06	2.054118e-01	8.264003e-03	7.534170e-04
1.186122e-02	4.775247e-04	1.126620e-05	2.087511e-01	8.396622e-03	7.848700e-04
1.226028e-02	4.935761e-04	1.271460e-05	2.120780e-01	8.529774e-03	8.039120e-04
1.266529e-02	5.098670e-04	1.418410e-05	2.153913e-01	8.663940e-03	8.079120e-04
1.307621e-02	5.263991e-04	1.564530e-05	2.186898e-01	8.799598e-03	7.942190e-04
1.349301e-02	5.431750e-04	1.706440e-05	2.219722e-01	8.937037e-03	7.601700e-04
1.391565e-02	5.601974e-04	1.840290e-05	2.252379e-01	9.076146e-03	7.037880e-04
1.434408e-02	5.774682e-04	1.962250e-05	2.284904e-01	9.215940e-03	6.272050e-04
1.477828e-02	5.949867e-04	2.069100e-05	2.317349e-01	9.354745e-03	5.340730e-04
1.521824e-02	6.127491e-04	2.158230e-05	2.349764e-01	9.490783e-03	4.280680e-04
1.566393e-02	6.307485e-04	2.227740e-05	2.382200e-01	9.622273e-03	3.128870e-04
1.611535e-02	6.489749e-04	2.276350e-05	2.414709e-01	9.747436e-03	1.922420e-04
1.657252e-02	6.674150e-04	2.303490e-05	2.447343e-01	9.864557e-03	6.987000e-05
1.703545e-02	6.860531e-04	2.309190e-05	2.480154e-01	9.972212e-03	5.048300e-05
1.750417e-02	7.048707e-04	2.294150e-05	2.513177e-01	1.006936e-02	1.662140e-04
1.797870e-02	7.238487e-04	2.259220e-05	2.546411e-01	1.015580e-02	2.770930e-04
1.845907e-02	7.429677e-04	2.205300e-05	2.579852e-01	1.023173e-02	3.992710e-04
1.894530e-02	7.622089e-04	2.133240e-05	2.613494e-01	1.029742e-02	5.741030e-04
1.943741e-02	7.815538e-04	2.043900e-05	2.647333e-01	1.035315e-02	7.740470e-04
1.993544e-02	8.009842e-04	1.938110e-05	2.681363e-01	1.039922e-02	9.979920e-04
2.043941e-02	8.204825e-04	1.816700e-05	2.715581e-01	1.043594e-02	1.244851e-03
2.094933e-02	8.400314e-04	1.680480e-05	2.749980e-01	1.046365e-02	1.514558e-03
2.146523e-02	8.596142e-04	1.530240e-05	2.784555e-01	1.048268e-02	1.808412e-03
2.198713e-02	8.792144e-04	1.471020e-05	2.819303e-01	1.049340e-02	2.127811e-03
2.251504e-02	8.988163e-04	1.870550e-05	2.854217e-01	1.049618e-02	2.474157e-03
2.304898e-02	9.184043e-04	2.332220e-05	2.889292e-01	1.049140e-02	2.848865e-03
2.358898e-02	9.379635e-04	2.860920e-05	2.924524e-01	1.047946e-02	3.253349e-03
2.413504e-02	9.574794e-04	3.461780e-05	2.959907e-01	1.046080e-02	3.689036e-03
2.468719e-02	9.769380e-04	4.140150e-05	2.995435e-01	1.043583e-02	4.157358e-03
2.524542e-02	9.963259e-04	4.901610e-05	3.031105e-01	1.040501e-02	4.659752e-03
2.580977e-02	1.015630e-03	5.751960e-05	3.066910e-01	1.036879e-02	5.197665e-03
2.638024e-02	1.034838e-03	6.697230e-05	3.102845e-01	1.032767e-02	5.772220e-03
2.695685e-02	1.053938e-03	7.743270e-05	3.138905e-01	1.028213e-02	6.379471e-03
2.753959e-02	1.072918e-03	8.894800e-05	3.175085e-01	1.023268e-02	7.011473e-03
2.812849e-02	1.091768e-03	1.015516e-04	3.211379e-01	1.017985e-02	7.660133e-03
2.872355e-02	1.110478e-03	1.152629e-04	3.247782e-01	1.012419e-02	8.317316e-03
2.932478e-02	1.129036e-03	1.300878e-04	3.284288e-01	1.006624e-02	8.974843e-03
2.993218e-02	1.147435e-03	1.460178e-04	3.320892e-01	1.000658e-02	9.624496e-03
3.054576e-02	1.165665e-03	1.630310e-04	3.357588e-01	9.945796e-03	1.025802e-02
3.116553e-02	1.183718e-03	1.810912e-04	3.394372e-01	9.884485e-03	1.086710e-02
3.179148e-02	1.201587e-03	2.001488e-04	3.431236e-01	9.823255e-03	1.144340e-02
3.242363e-02	1.219264e-03	2.201399e-04	3.468177e-01	9.762724e-03	1.197854e-02
3.306197e-02	1.236744e-03	2.409874e-04	3.505188e-01	9.703518e-03	1.246488e-02
3.370651e-02	1.254019e-03	2.626060e-04	3.542264e-01	9.646267e-03	1.290081e-02
3.435724e-02	1.271085e-03	2.849110e-04	3.579398e-01	9.591602e-03	1.328744e-02
3.501417e-02	1.287937e-03	3.078201e-04	3.616586e-01	9.540154e-03	1.362595e-02
3.567728e-02	1.304570e-03	3.312533e-04	3.653821e-01	9.492546e-03	1.391749e-02
3.634659e-02	1.320981e-03	3.551326e-04	3.691099e-01	9.449393e-03	1.416324e-02
3.702208e-02	1.337167e-03	3.793822e-04	3.728412e-01	9.411293e-03	1.436438e-02
3.770375e-02	1.353124e-03	4.039288e-04	3.765756e-01	9.378824e-03	1.452209e-02
3.839160e-02	1.368852e-03	4.287011e-04	3.803124e-01	9.352537e-03	1.463756e-02
3.908561e-02	1.384348e-03	4.536298e-04	3.840511e-01	9.332955e-03	1.471199e-02
3.978578e-02	1.399611e-03	4.786482e-04	3.877910e-01	9.320560e-03	1.474658e-02
4.049211e-02	1.414641e-03	5.036916e-04	3.915317e-01	9.315794e-03	1.474255e-02
4.120458e-02	1.429438e-03	5.286975e-04	3.952724e-01	9.319050e-03	1.470111e-02
4.192318e-02	1.444003e-03	5.536056e-04	3.990127e-01	9.330667e-03	1.462348e-02
4.264790e-02	1.458338e-03	5.783580e-04	4.027518e-01	9.350930e-03	1.451090e-02
4.337873e-02	1.472442e-03	6.028987e-04	4.064892e-01	9.380062e-03	1.436461e-02
4.411565e-02	1.486320e-03	6.271741e-04	4.102243e-01	9.418222e-03	1.418584e-02
4.485866e-02	1.499973e-03	6.511328e-04	4.139566e-01	9.465508e-03	1.397585e-02
4.560773e-02	1.513405e-03	6.747255e-04	4.176853e-01	9.521949e-03	1.373589e-02
4.636285e-02	1.526620e-03	6.979052e-04	4.214098e-01	9.587513e-03	1.346724e-02
4.712401e-02	1.539621e-03	7.206271e-04	4.251296e-01	9.662103e-03	1.317115e-02
4.789117e-02	1.552414e-03	7.428485e-04	4.288440e-01	9.745561e-03	1.284892e-02
4.866434e-02	1.565003e-03	7.645292e-04	4.325524e-01	9.837673e-03	1.250181e-02
4.944348e-02	1.577395e-03	7.856309e-04	4.362543e-01	9.938171e-03	1.213112e-02
5.022858e-02	1.589595e-03	8.061175e-04	4.399488e-01	1.004674e-02	1.173815e-02
5.101961e-02	1.601610e-03	8.259552e-04	4.436355e-01	1.016301e-02	1.132420e-02
5.181655e-02	1.613446e-03	8.451126e-04	4.473137e-01	1.028658e-02	1.089059e-02
5.261937e-02	1.625110e-03	8.635602e-04	4.509827e-01	1.041703e-02	1.043862e-02
5.342806e-02	1.636611e-03	8.812709e-04	4.546420e-01	1.055387e-02	9.969625e-03
5.424259e-02	1.647956e-03	8.982197e-04	4.582908e-01	1.069662e-02	9.484932e-03
5.506293e-02	1.659153e-03	9.143838e-04	4.619286e-01	1.084478e-02	8.985875e-03
5.588905e-02	1.670211e-03	9.297426e-04	4.655546e-01	1.099781e-02	8.473801e-03
5.672093e-02	1.681139e-03	9.442781e-04	4.691683e-01	1.115516e-02	7.950059e-03
5.755853e-02	1.691945e-03	9.579737e-04	4.727690e-01	1.131631e-02	7.416004e-03
5.840183e-02	1.702639e-03	9.708157e-04	4.763560e-01	1.148068e-02	6.873001e-03
5.925079e-02	1.713231e-03	9.827923e-04	4.799287e-01	1.164774e-02	6.322418e-03
6.010539e-02	1.723729e-03	9.938941e-04	4.834863e-01	1.181690e-02	5.765632e-03
6.096558e-02	1.734144e-03	1.004114e-03	4.870284e-01	1.198764e-02	5.204027e-03
6.183134e-02	1.744486e-03	1.013446e-03	4.905541e-01	1.215938e-02	4.638991e-03
6.270263e-02	1.754764e-03	1.021888e-03	4.940628e-01	1.233158e-02	4.071920e-03
6.357942e-02	1.764989e-03	1.029439e-03	4.975538e-01	1.250370e-02	3.504219e-03
6.446166e-02	1.775170e-03	1.036101e-03	5.010265e-01	1.267521e-02	2.937297e-03
6.534932e-02	1.785318e-03	1.041877e-03	5.044802e-01	1.284556e-02	2.372568e-03
6.624236e-02	1.795441e-03	1.046774e-03	5.079141e-01	1.301425e-02	1.811455e-03
6.714075e-02	1.805551e-03	1.050798e-03	5.113277e-01	1.318076e-02	1.255390e-03
6.804443e-02	1.815657e-03	1.053962e-03	5.147203e-01	1.334457e-02	7.058050e-04
6.895337e-02	1.825768e-03	1.056276e-03	5.180910e-01	1.350520e-02	1.641460e-04
6.986754e-02	1.835893e-03	1.057757e-03	5.214394e-01	1.366216e-02	3.681400e-04
7.078687e-02	1.846042e-03	1.058421e-03	5.247645e-01	1.381502e-02	8.895960e-04
7.171133e-02	1.856224e-03	1.058287e-03	5.280659e-01	1.396342e-02	1.398839e-03
7.264088e-02	1.866446e-03	1.057375e-03	5.313433e-01	1.410711e-02	1.895377e-03
7.357547e-02	1.876717e-03	1.055707e-03	5.345968e-01	1.424593e-02	2.379292e-03
7.451505e-02	1.887044e-03	1.053303e-03	5.378267e-01	1.437976e-02	2.850673e-03
7.545958e-02	1.897434e-03	1.050183e-03	5.410329e-01	1.450852e-02	3.309612e-03
7.640902e-02	1.907895e-03	1.046368e-03	5.442158e-01	1.463211e-02	3.756202e-03
7.736332e-02	1.918431e-03	1.041878e-03	5.473754e-01	1.475048e-02	4.190533e-03
7.832245e-02	1.929049e-03	1.036731e-03	5.505118e-01	1.486357e-02	4.612699e-03
7.928635e-02	1.939753e-03	1.030948e-03	5.536252e-01	1.497132e-02	5.022794e-03
8.025499e-02	1.950548e-03	1.024549e-03	5.567158e-01	1.507372e-02	5.420911e-03
8.122832e-02	1.961438e-03	1.017551e-03	5.597836e-01	1.517073e-02	5.807146e-03
8.220630e-02	1.972426e-03	1.009975e-03	5.628289e-01	1.526235e-02	6.181594e-03
8.318890e-02	1.983516e-03	1.001838e-03	5.658518e-01	1.534856e-02	6.544350e-03
8.417607e-02	1.994710e-03	9.931599e-04	5.688525e-01	1.542937e-02	6.895513e-03
8.516776e-02	2.006011e-03	9.839583e-04	5.718310e-01	1.550477e-02	7.235177e-03
8.616395e-02	2.017420e-03	9.742515e-04	5.747876e-01	1.557480e-02	7.563443e-03
8.716458e-02	2.028938e-03	9.640573e-04	5.777223e-01	1.563947e-02	7.880407e-03
8.816962e-02	2.040566e-03	9.533935e-04	5.806354e-01	1.569879e-02	8.186169e-03
8.917904e-02	2.052305e-03	9.422777e-04	5.835270e-01	1.575282e-02	8.480830e-03
9.019279e-02	2.064155e-03	9.307270e-04	5.863972e-01	1.580157e-02	8.764488e-03
9.121083e-02	2.076115e-03	9.187586e-04	5.892463e-01	1.584509e-02	9.037245e-03
9.223313e-02	2.088185e-03	9.063893e-04	5.920743e-01	1.588343e-02	9.299201e-03
9.325964e-02	2.100364e-03	8.936359e-04	5.948815e-01	1.591664e-02	9.550461e-03
9.429034e-02	2.112650e-03	8.805148e-04	5.976679e-01	1.594476e-02	9.791125e-03
9.532518e-02	2.125042e-03	8.670424e-04	6.004338e-01	1.596786e-02	1.002130e-02
9.636412e-02	2.137537e-03	8.532348e-04	6.031793e-01	1.598599e-02	1.024108e-02
9.740714e-02	2.150134e-03	8.391077e-04	6.059046e-01	1.599922e-02	1.045059e-02
9.845419e-02	2.162829e-03	8.246769e-04	6.086098e-01	1.600762e-02	1.064991e-02
9.950524e-02	2.175620e-03	8.099578e-04	6.112951e-01	1.601125e-02	1.083916e-02
1.005603e-01	2.188504e-03	7.949660e-04	6.139607e-01	1.601018e-02	1.101845e-02
1.016192e-01	2.201478e-03	7.797160e-04	6.166067e-01	1.600450e-02	1.118787e-02
1.026820e-01	2.214537e-03	7.642230e-04	6.192333e-01	1.599428e-02	1.134755e-02
1.037487e-01	2.227679e-03	7.485010e-04	6.218407e-01	1.597960e-02	1.149758e-02
1.048193e-01	2.240899e-03	7.325660e-04	6.244291e-01	1.596055e-02	1.163808e-02
1.058936e-01	2.254193e-03	7.164310e-04	6.269985e-01	1.593721e-02	1.176915e-02
1.069716e-01	2.267556e-03	7.001100e-04	6.295492e-01	1.590966e-02	1.189091e-02
1.080534e-01	2.280985e-03	6.836180e-04	6.320814e-01	1.587801e-02	1.200346e-02
1.091389e-01	2.294475e-03	6.669680e-04	6.345952e-01	1.584234e-02	1.210692e-02
1.102281e-01	2.308021e-03	6.501720e-04	6.370908e-01	1.580275e-02	1.220140e-02
1.113209e-01	2.321619e-03	6.332460e-04	6.395685e-01	1.575933e-02	1.228701e-02
1.124173e-01	2.335263e-03	6.162010e-04	6.420282e-01	1.571219e-02	1.236386e-02
1.135172e-01	2.348948e-03	5.990500e-04	6.444703e-01	1.566143e-02	1.243207e-02
1.146207e-01	2.362671e-03	5.818070e-04	6.468950e-01	1.560715e-02	1.249175e-02
1.157277e-01	2.376425e-03	5.644820e-04	6.493023e-01	1.554946e-02	1.254302e-02
1.168382e-01	2.390205e-03	5.470900e-04	6.516925e-01	1.548847e-02	1.258600e-02
1.179521e-01	2.404007e-03	5.296420e-04	6.540658e-01	1.542428e-02	1.262079e-02
1.190694e-01	2.417824e-03	5.121490e-04	6.564223e-01	1.535702e-02	1.264751e-02
1.201902e-01	2.431653e-03	4.946230e-04	6.587623e-01	1.528679e-02	1.266629e-02
1.213142e-01	2.445488e-03	4.770760e-04	6.610859e-01	1.521372e-02	1.267724e-02
1.224417e-01	2.459324e-03	4.595180e-04	6.633933e-01	1.513792e-02	1.268048e-02
1.235724e-01	2.473155e-03	4.419610e-04	6.656847e-01	1.505951e-02	1.267612e-02
1.247064e-01	2.486977e-03	4.244170e-04	6.679603e-01	1.497861e-02	1.266429e-02
1.258436e-01	2.500784e-03	4.068940e-04	6.702202e-01	1.489536e-02	1.264511e-02
1.269841e-01	2.514571e-03	3.894040e-04	6.724647e-01	1.480988e-02	1.261870e-02
1.281277e-01	2.528334e-03	3.719560e-04	6.746940e-01	1.472229e-02	1.258518e-02
1.292746e-01	2.542068e-03	3.545610e-04	6.769082e-01	1.463274e-02	1.254468e-02
1.304246e-01	2.555767e-03	3.372290e-04	6.791076e-01	1.454134e-02	1.249731e-02
1.315776e-01	2.569426e-03	3.199700e-04	6.812923e-01	1.444824e-02	1.244320e-02
1.327338e-01	2.583042e-03	3.027920e-04	6.834626e-01	1.435358e-02	1.238247e-02
1.338931e-01	2.596610e-03	2.857040e-04	6.856185e-01	1.425749e-02	1.231525e-02
1.350554e-01	2.610124e-03	2.687160e-04	6.877605e-01	1.416012e-02	1.224166e-02
1.362207e-01	2.623580e-03	2.518370e-04	6.898885e-01	1.406160e-02	1.216183e-02
1.373890e-01	2.636975e-03	2.350750e-04	6.920029e-01	1.396208e-02	1.207589e-02
1.385603e-01	2.650303e-03	2.184390e-04	6.941038e-01	1.386171e-02	1.198395e-02
1.397346e-01	2.663561e-03	2.019360e-04	6.961915e-01	1.376063e-02	1.188616e-02
1.409117e-01	2.676744e-03	1.855740e-04	6.982661e-01	1.365899e-02	1.178264e-02
1.420918e-01	2.689849e-03	1.693620e-04	7.003279e-01	1.355695e-02	1.167351e-02
1.432747e-01	2.702872e-03	1.533070e-04	7.023770e-01	1.345464e-02	1.155891e-02
1.444605e-01	2.715808e-03	1.374160e-04	7.044136e-01	1.335224e-02	1.143897e-02
1.456492e-01	2.728655e-03	1.216970e-04	7.064381e-01	1.324988e-02	1.131381e-02
1.468407e-01	2.741408e-03	1.061560e-04	7.084505e-01	1.314773e-02	1.118357e-02
1.480349e-01	2.754065e-03	9.080000e-05	7.104511e-01	1.304593e-02	1.104839e-02
1.492320e-01	2.766622e-03	7.563500e-05	7.124401e-01	1.294465e-02	1.090838e-02
1.504318e-01	2.779076e-03	6.066900e-05	7.144177e-01	1.284403e-02	1.076369e-02
1.516343e-01	2.791424e-03	4.590700e-05	7.163842e-01	1.274423e-02	1.061445e-02
1.528396e-01	2.803663e-03	3.135500e-05	7.183396e-01	1.264541e-02	1.046080e-02
1.540476e-01	2.815790e-03	2.561900e-05	7.202844e-01	1.254772e-02	1.030286e-02
1.552582e-01	2.827803e-03	2.438400e-05	7.222186e-01	1.245131e-02	1.014078e-02
1.564715e-01	2.839699e-03	2.316800e-05	7.241425e-01	1.235634e-02	9.974695e-03
1.576875e-01	2.851476e-03	2.464200e-05	7.260563e-01	1.226294e-02	9.804734e-03
1.589061e-01	2.863132e-03	3.806200e-05	7.279602e-01	1.217127e-02	9.631039e-03
1.601273e-01	2.874664e-03	5.124000e-05	7.298545e-01	1.208148e-02	9.453746e-03
1.613511e-01	2.886070e-03	6.417300e-05	7.317393e-01	1.199370e-02	9.272995e-03
1.625775e-01	2.897349e-03	7.685500e-05	7.336149e-01	1.190807e-02	9.088925e-03
1.638064e-01	2.908499e-03	8.928300e-05	7.354816e-01	1.182472e-02	8.901676e-03
1.650379e-01	2.919518e-03	1.014530e-04	7.373395e-01	1.174378e-02	8.711389e-03
1.662719e-01	2.930405e-03	1.133610e-04	7.391888e-01	1.166538e-02	8.518204e-03
1.675085e-01	2.941159e-03	1.250030e-04	7.410299e-01	1.158963e-02	8.322262e-03
1.687475e-01	2.951777e-03	1.363770e-04	7.428629e-01	1.151665e-02	8.123708e-03
1.699890e-01	2.962260e-03	1.474790e-04	7.446880e-01	1.144653e-02	7.922682e-03
1.712330e-01	2.972606e-03	1.583060e-04	7.465055e-01	1.137938e-02	7.719330e-03
1.724795e-01	2.982815e-03	1.688550e-04	7.483156e-01	1.131528e-02	7.513794e-03
1.737284e-01	2.992885e-03	1.791250e-04	7.501186e-01	1.125431e-02	7.306219e-03
1.749797e-01	3.002817e-03	1.891120e-04	7.519146e-01	1.119655e-02	7.096751e-03
1.762335e-01	3.012609e-03	1.988160e-04	7.537039e-01	1.114206e-02	6.885536e-03
1.774897e-01	3.022261e-03	2.082340e-04	7.554868e-01	1.109089e-02	6.672721e-03
1.787483e-01	3.031773e-03	2.173620e-04	7.572635e-01	1.104309e-02	6.458452e-03
1.800092e-01	3.041145e-03	2.262020e-04	7.590342e-01	1.099868e-02	6.242877e-03
1.812726e-01	3.050378e-03	2.347520e-04	7.607992e-01	1.095768e-02	6.026144e-03
1.825383e-01	3.059470e-03	2.430100e-04	7.625586e-01	1.092012e-02	5.808404e-03
1.838063e-01	3.068422e-03	2.509750e-04	7.643128e-01	1.088597e-02	5.589804e-03
1.850768e-01	3.077236e-03	2.586470e-04	7.660620e-01	1.085524e-02	5.370495e-03
1.863495e-01	3.085910e-03	2.660260e-04	7.678064e-01	1.082789e-02	5.150629e-03
1.876246e-01	3.094446e-03	2.731120e-04	7.695463e-01	1.080389e-02	4.930356e-03
1.889019e-01	3.102843e-03	2.799030e-04	7.712819e-01	1.078320e-02	4.709829e-03
1.901816e-01	3.111104e-03	2.864000e-04	7.730135e-01	1.076574e-02	4.489199e-03
1.914636e-01	3.119229e-03	2.926030e-04	7.747412e-01	1.075146e-02	4.268622e-03
1.927479e-01	3.127218e-03	2.985150e-04	7.764654e-01	1.074028e-02	4.048249e-03
1.940345e-01	3.135073e-03	3.041340e-04	7.781863e-01	1.073209e-02	3.828236e-03
1.953233e-01	3.142795e-03	3.094620e-04	7.799042e-01	1.072681e-02	3.608737e-03
1.966145e-01	3.150385e-03	3.144990e-04	7.816193e-01	1.072431e-02	3.389909e-03
1.979078e-01	3.157844e-03	3.192500e-04	7.833318e-01	1.072448e-02	3.171909e-03
1.992035e-01	3.165174e-03	3.237120e-04	7.850420e-01	1.072719e-02	2.954891e-03
2.005014e-01	3.172376e-03	3.278890e-04	7.867502e-01	1.073229e-02	2.739014e-03
2.018015e-01	3.179451e-03	3.317840e-04	7.884567e-01	1.073966e-02	2.524435e-03
2.031039e-01	3.186402e-03	3.353970e-04	7.901616e-01	1.074912e-02	2.311316e-03
2.044085e-01	3.193230e-03	3.387310e-04	7.918652e-01	1.076054e-02	2.099813e-03
2.057153e-01	3.199936e-03	3.417900e-04	7.935678e-01	1.077373e-02	1.890088e-03
2.070244e-01	3.206522e-03	3.445740e-04	7.952697e-01	1.078853e-02	1.682299e-03
2.083357e-01	3.212991e-03	3.470890e-04	7.969711e-01	1.080476e-02	1.476611e-03
2.096492e-01	3.219343e-03	3.493370e-04	7.986723e-01	1.082226e-02	1.273182e-03
2.109650e-01	3.225582e-03	3.513210e-04	8.003735e-01	1.084083e-02	1.072176e-03
2.122829e-01	3.231708e-03	3.530450e-04	8.020750e-01	1.086030e-02	8.737560e-04
2.136031e-01	3.237725e-03	3.545130e-04	8.037770e-01	1.088047e-02	6.780860e-04
2.149255e-01	3.243634e-03	3.557290e-04	8.054799e-01	1.090115e-02	4.853290e-04
2.162501e-01	3.249437e-03	3.566960e-04	8.071839e-01	1.092217e-02	2.956510e-04
2.175769e-01	3.255136e-03	3.574210e-04	8.088893e-01	1.094332e-02	1.092160e-04
2.189059e-01	3.260734e-03	3.579050e-04	8.105963e-01	1.096443e-02	7.380900e-05
2.202371e-01	3.266233e-03	3.581570e-04	8.123052e-01	1.098532e-02	2.532560e-04
2.215705e-01	3.271635e-03	3.581780e-04	8.140163e-01	1.100586e-02	4.289630e-04
2.229061e-01	3.276942e-03	3.579750e-04	8.157297e-01	1.102592e-02	6.008410e-04
2.242439e-01	3.282157e-03	3.575540e-04	8.174456e-01	1.104542e-02	7.689060e-04
2.255840e-01	3.287281e-03	3.569200e-04	8.191638e-01	1.106428e-02	9.331770e-04
2.269262e-01	3.292318e-03	3.560770e-04	8.208845e-01	1.108241e-02	1.093679e-03
2.282707e-01	3.297268e-03	3.550300e-04	8.226077e-01	1.109975e-02	1.250429e-03
2.296173e-01	3.302134e-03	3.537850e-04	8.243334e-01	1.111621e-02	1.403453e-03
2.309662e-01	3.306918e-03	3.523480e-04	8.260617e-01	1.113175e-02	1.552769e-03
2.323173e-01	3.311622e-03	3.507210e-04	8.277925e-01	1.114631e-02	1.698401e-03
2.336706e-01	3.316248e-03	3.489110e-04	8.295260e-01	1.115983e-02	1.840369e-03
2.350261e-01	3.320797e-03	3.469220e-04	8.312622e-01	1.117228e-02	1.978698e-03
2.363838e-01	3.325271e-03	3.447610e-04	8.330011e-01	1.118363e-02	2.113408e-03
2.377437e-01	3.329673e-03	3.424300e-04	8.347427e-01	1.119383e-02	2.244522e-03
2.391058e-01	3.334003e-03	3.399340e-04	8.364871e-01	1.120287e-02	2.372062e-03
2.404702e-01	3.338263e-03	3.372800e-04	8.382343e-01	1.121073e-02	2.496051e-03
2.418367e-01	3.342456e-03	3.344710e-04	8.399843e-01	1.121739e-02	2.616512e-03
2.432055e-01	3.346581e-03	3.315120e-04	8.417373e-01	1.122284e-02	2.733467e-03
2.445765e-01	3.350642e-03	3.284070e-04	8.434931e-01	1.122707e-02	2.846939e-03
2.459497e-01	3.354638e-03	3.251610e-04	8.452519e-01	1.123010e-02	2.956952e-03
2.473251e-01	3.358572e-03	3.217790e-04	8.470137e-01	1.123191e-02	3.063528e-03
2.487027e-01	3.362445e-03	3.182650e-04	8.487786e-01	1.123252e-02	3.166692e-03
2.500826e-01	3.366258e-03	3.146240e-04	8.505465e-01	1.123194e-02	3.266465e-03
2.514646e-01	3.370012e-03	3.108590e-04	8.523175e-01	1.123019e-02	3.362872e-03
2.528489e-01	3.373709e-03	3.069760e-04	8.540916e-01	1.122728e-02	3.455936e-03
2.542355e-01	3.377350e-03	3.029780e-04	8.558690e-01	1.122324e-02	3.545682e-03
2.556242e-01	3.380935e-03	2.988710e-04	8.576495e-01	1.121809e-02	3.632132e-03
2.570152e-01	3.384467e-03	2.946570e-04	8.594333e-01	1.121188e-02	3.715312e-03
2.584084e-01	3.387945e-03	2.903420e-04	8.612204e-01	1.120462e-02	3.795244e-03
2.598038e-01	3.391371e-03	2.859290e-04	8.630108e-01	1.119636e-02	3.871956e-03
2.612014e-01	3.394745e-03	2.814230e-04	8.648046e-01	1.118714e-02	3.945468e-03
2.626013e-01	3.398070e-03	2.768270e-04	8.666018e-01	1.117700e-02	4.015807e-03
2.640034e-01	3.401344e-03	2.721460e-04	8.684024e-01	1.116598e-02	4.082996e-03
2.654078e-01	3.404570e-03	2.673840e-04	8.702066e-01	1.115415e-02	4.147062e-03
2.668144e-01	3.407749e-03	2.625450e-04	8.720142e-01	1.114154e-02	4.208029e-03
2.682232e-01	3.410880e-03	2.576310e-04	8.738254e-01	1.112821e-02	4.265921e-03
2.696342e-01	3.413965e-03	2.526490e-04	8.756402e-01	1.111423e-02	4.320763e-03
2.710475e-01	3.417004e-03	2.476000e-04	8.774587e-01	1.109964e-02	4.372582e-03
2.724631e-01	3.419998e-03	2.424890e-04	8.792808e-01	1.108452e-02	4.421402e-03
2.738808e-01	3.422948e-03	2.373210e-04	8.811066e-01	1.106893e-02	4.467249e-03
2.753009e-01	3.425855e-03	2.320980e-04	8.829362e-01	1.105293e-02	4.510149e-03
2.767231e-01	3.428718e-03	2.268240e-04	8.847696e-01	1.103659e-02	4.550126e-03
2.781477e-01	3.431539e-03	2.215030e-04	8.866068e-01	1.101999e-02	4.587207e-03
2.795744e-01	3.434319e-03	2.161380e-04	8.884479e-01	1.100319e-02	4.621419e-03
2.810035e-01	3.437057e-03	2.107330e-04	8.902929e-01	1.098628e-02	4.652787e-03
2.824348e-01	3.439754e-03	2.052920e-04	8.921419e-01	1.096932e-02	4.681337e-03
2.838683e-01	3.442411e-03	1.998170e-04	8.939949e-01	1.095240e-02	4.707095e-03
2.853041e-01	3.445029e-03	1.943130e-04	8.958519e-01	1.093560e-02	4.730089e-03
2.867422e-01	3.447607e-03	1.887820e-04	8.977130e-01	1.091900e-02	4.750344e-03
2.881825e-01	3.450147e-03	1.832290e-04	8.995781e-01	1.090268e-02	4.767888e-03
2.896251e-01	3.452649e-03	1.776560e-04	9.014475e-01	1.088672e-02	4.782746e-03
2.910699e-01	3.455113e-03	1.720660e-04	9.033210e-01	1.087122e-02	4.794947e-03
2.925171e-01	3.457539e-03	1.664630e-04	9.051988e-01	1.085625e-02	4.804517e-03
2.939665e-01	3.459930e-03	1.608500e-04	9.070809e-01	1.084189e-02	4.811484e-03
2.954181e-01	3.462283e-03	1.552310e-04	9.089673e-01	1.082825e-02	4.815875e-03
2.968721e-01	3.464602e-03	1.496070e-04	9.108580e-01	1.081540e-02	4.817716e-03
2.983283e-01	3.466885e-03	1.439840e-04	9.127532e-01	1.080343e-02	4.817036e-03
2.997869e-01	3.469133e-03	1.383610e-04	9.146528e-01	1.079244e-02	4.813863e-03
3.012477e-01	3.471347e-03	1.327450e-04	9.165568e-01	1.078249e-02	4.808223e-03
3.027108e-01	3.473527e-03	1.271370e-04	9.184654e-01	1.077369e-02	4.800145e-03
3.041761e-01	3.475674e-03	1.215400e-04	9.203786e-01	1.076612e-02	4.789658e-03
3.056438e-01	3.477788e-03	1.159570e-04	9.222964e-01	1.075987e-02	4.776789e-03
3.071138e-01	3.479870e-03	1.103910e-04	9.242189e-01	1.075501e-02	4.761566e-03
3.085861e-01	3.481920e-03	1.048440e-04	9.261460e-01	1.075163e-02	4.744018e-03
3.100607e-01	3.483939e-03	9.931900e-05	9.280779e-01	1.074981e-02	4.724175e-03
3.115375e-01	3.485928e-03	9.382000e-05	9.300146e-01	1.074964e-02	4.702062e-03
3.130167e-01	3.487886e-03	8.834900e-05	9.319561e-01	1.075118e-02	4.677711e-03
3.144982e-01	3.489814e-03	8.290600e-05	9.339024e-01	1.075452e-02	4.651149e-03
3.159821e-01	3.491714e-03	7.749800e-05	9.358537e-01	1.075972e-02	4.622407e-03
3.174682e-01	3.493585e-03	7.212500e-05	9.378099e-01	1.076686e-02	4.591512e-03
3.189566e-01	3.495429e-03	6.679000e-05	9.397712e-01	1.077601e-02	4.558495e-03
3.204474e-01	3.497245e-03	6.149400e-05	9.417374e-01	1.078723e-02	4.523384e-03
3.219405e-01	3.499036e-03	5.624200e-05	9.437088e-01	1.080058e-02	4.486209e-03
3.234360e-01	3.500800e-03	5.103500e-05	9.456853e-01	1.081611e-02	4.446999e-03
3.249337e-01	3.502539e-03	4.587500e-05	9.476669e-01	1.083389e-02	4.405785e-03
3.264339e-01	3.504255e-03	4.076500e-05	9.496538e-01	1.085397e-02	4.362597e-03
3.279363e-01	3.505946e-03	3.570700e-05	9.516459e-01	1.087638e-02	4.317464e-03
3.294411e-01	3.507615e-03	3.070300e-05	9.536434e-01	1.090118e-02	4.270416e-03
3.309482e-01	3.509262e-03	2.575600e-05	9.556461e-01	1.092839e-02	4.221483e-03
3.324577e-01	3.510888e-03	2.230300e-05	9.576543e-01	1.095806e-02	4.170698e-03
3.339696e-01	3.512494e-03	2.272600e-05	9.596679e-01	1.099021e-02	4.118088e-03
3.354838e-01	3.514080e-03	2.314300e-05	9.616870e-01	1.102487e-02	4.063685e-03
3.370004e-01	3.515648e-03	2.355500e-05	9.637117e-01	1.106206e-02	4.007520e-03
3.385193e-01	3.517198e-03	2.396000e-05	9.657419e-01	1.110179e-02	3.949623e-03
3.400406e-01	3.518731e-03	2.435900e-05	9.677777e-01	1.114408e-02	3.890027e-03
3.415643e-01	3.520250e-03	2.475300e-05	9.698192e-01	1.118892e-02	3.828760e-03
3.430903e-01	3.521753e-03	2.514000e-05	9.718664e-01	1.123633e-02	3.765856e-03
3.446188e-01	3.523243e-03	2.552200e-05	9.739193e-01	1.128629e-02	3.701345e-03
3.461496e-01	3.524721e-03	2.589600e-05	9.759780e-01	1.133881e-02	3.635258e-03
3.476828e-01	3.526187e-03	2.626300e-05	9.780426e-01	1.139386e-02	3.567627e-03
3.492184e-01	3.527643e-03	2.849000e-05	9.801131e-01	1.145143e-02	3.498485e-03
3.507564e-01	3.529091e-03	3.252700e-05	9.821895e-01	1.151150e-02	3.427862e-03
3.522968e-01	3.530530e-03	3.648100e-05	9.842719e-01	1.157404e-02	3.355790e-03
3.538396e-01	3.531963e-03	4.035200e-05	9.863604e-01	1.163903e-02	3.282303e-03
3.553848e-01	3.533391e-03	4.413700e-05	9.884549e-01	1.170643e-02	3.207431e-03
3.569324e-01	3.534814e-03	4.783500e-05	9.905555e-01	1.177620e-02	3.131208e-03
3.584825e-01	3.536235e-03	5.144500e-05	9.926623e-01	1.184831e-02	3.053664e-03
3.600350e-01	3.537655e-03	5.496400e-05	9.947754e-01	1.192270e-02	2.974835e-03
3.615898e-01	3.539074e-03	5.839300e-05	9.968946e-01	1.199933e-02	2.894751e-03
3.631472e-01	3.540495e-03	6.172900e-05	9.990202e-01	1.207814e-02	2.813446e-03
3.647069e-01	3.541919e-03	6.497100e-05	1.001152e+00	1.215909e-02	2.730951e-03
3.662691e-01	3.543347e-03	6.811900e-05	1.003291e+00	1.224211e-02	2.647300e-03
3.678338e-01	3.544781e-03	7.117200e-05	1.005435e+00	1.232715e-02	2.562530e-03
3.694009e-01	3.546223e-03	7.412500e-05	1.007587e+00	1.241414e-02	2.476670e-03
3.709704e-01	3.547673e-03	7.698100e-05	1.009745e+00	1.250302e-02	2.389760e-03
3.725424e-01	3.549134e-03	7.973800e-05	1.011909e+00	1.259371e-02	2.301820e-03
3.741169e-01	3.550606e-03	8.239300e-05	1.014080e+00	1.268616e-02	2.212890e-03
3.756939e-01	3.552092e-03	8.494800e-05	1.016258e+00	1.278028e-02	2.123010e-03
3.772733e-01	3.553594e-03	8.740000e-05	1.018442e+00	1.287601e-02	2.032210e-03
3.788552e-01	3.555112e-03	8.974900e-05	1.020634e+00	1.297327e-02	1.940520e-03
3.804395e-01	3.556650e-03	9.199300e-05	1.022832e+00	1.307199e-02	1.847970e-03
3.820264e-01	3.558207e-03	9.413300e-05	1.025037e+00	1.317208e-02	1.754610e-03
3.836158e-01	3.559786e-03	9.616600e-05	1.027249e+00	1.327347e-02	1.660470e-03
3.852076e-01	3.561389e-03	9.809300e-05	1.029468e+00	1.337608e-02	1.565570e-03
3.868020e-01	3.563018e-03	9.991200e-05	1.031694e+00	1.347982e-02	1.469970e-03
3.883988e-01	3.564673e-03	1.016250e-04	1.033927e+00	1.358463e-02	1.373680e-03
3.899982e-01	3.566358e-03	1.032280e-04	1.036167e+00	1.369041e-02	1.276740e-03
3.916001e-01	3.568073e-03	1.047220e-04	1.038415e+00	1.379708e-02	1.179200e-03
3.932045e-01	3.569821e-03	1.061060e-04	1.040669e+00	1.390456e-02	1.081070e-03
3.948115e-01	3.571604e-03	1.073810e-04	1.042931e+00	1.401277e-02	9.824100e-04
3.964209e-01	3.573422e-03	1.085440e-04	1.045200e+00	1.412162e-02	8.832500e-04
3.980330e-01	3.575279e-03	1.095970e-04	1.047477e+00	1.423102e-02	7.836100e-04
3.996475e-01	3.577175e-03	1.105380e-04	1.049761e+00	1.434090e-02	6.835400e-04
4.012647e-01	3.579113e-03	1.113680e-04	1.052053e+00	1.445117e-02	5.830700e-04
4.028843e-01	3.581094e-03	1.120840e-04	1.054352e+00	1.456175e-02	4.822500e-04
4.045066e-01	3.583120e-03	1.126890e-04	1.056658e+00	1.467255e-02	3.811000e-04
4.061314e-01	3.585194e-03	1.131810e-04	1.058973e+00	1.478348e-02	2.796500e-04
4.077587e-01	3.587316e-03	1.135610e-04	1.061295e+00	1.489446e-02	1.779500e-04
4.093887e-01	3.589489e-03	1.138280e-04	1.063624e+00	1.500542e-02	7.603000e-05
4.110212e-01	3.591714e-03	1.139820e-04	1.065962e+00	1.511626e-02	2.642000e-05
4.126563e-01	3.593993e-03	1.140230e-04	1.068307e+00	1.522690e-02	1.283000e-04
4.142941e-01	3.596329e-03	1.139500e-04	1.070660e+00	1.533726e-02	2.306500e-04
4.159344e-01	3.598722e-03	1.137650e-04	1.073022e+00	1.544726e-02	3.330800e-04
4.175773e-01	3.601174e-03	1.134660e-04	1.075391e+00	1.555681e-02	4.355400e-04
4.192229e-01	3.603687e-03	1.130560e-04	1.077768e+00	1.566583e-02	5.379800e-04
4.208710e-01	3.606264e-03	1.125310e-04	1.080153e+00	1.577424e-02	6.404000e-04
4.225218e-01	3.608904e-03	1.118960e-04	1.082547e+00	1.588197e-02	7.427300e-04
4.241753e-01	3.611611e-03	1.111460e-04	1.084948e+00	1.598891e-02	8.449500e-04
4.258313e-01	3.614385e-03	1.102860e-04	1.087358e+00	1.609501e-02	9.470200e-04
4.274900e-01	3.617229e-03	1.093140e-04	1.089776e+00	1.620017e-02	1.048900e-03
4.291514e-01	3.620143e-03	1.082300e-04	1.092203e+00	1.630433e-02	1.150540e-03
4.308154e-01	3.623130e-03	1.070360e-04	1.094638e+00	1.640739e-02	1.251930e-03
4.324821e-01	3.626190e-03	1.057310e-04	1.097081e+00	1.650928e-02	1.353010e-03
4.341514e-01	3.629325e-03	1.043150e-04	1.099533e+00	1.660993e-02	1.453750e-03
4.358234e-01	3.632537e-03	1.027910e-04	1.101994e+00	1.670925e-02	1.554110e-03
4.374981e-01	3.635827e-03	1.011570e-04	1.104463e+00	1.680717e-02	1.654050e-03
4.391755e-01	3.639195e-03	9.941500e-05	1.106941e+00	1.690361e-02	1.753540e-03
4.408556e-01	3.642644e-03	9.756600e-05	1.109427e+00	1.699850e-02	1.852520e-03
4.425384e-01	3.646175e-03	9.560900e-05	1.111923e+00	1.709177e-02	1.950980e-03
4.442239e-01	3.649788e-03	9.354600e-05	1.114427e+00	1.718333e-02	2.048850e-03
4.459121e-01	3.653484e-03	9.137700e-05	1.116940e+00	1.727311e-02	2.146120e-03
4.476030e-01	3.657265e-03	8.910300e-05	1.119462e+00	1.736104e-02	2.242740e-03
4.492967e-01	3.661132e-03	8.672600e-05	1.121993e+00	1.744705e-02	2.338670e-03
4.509931e-01	3.665086e-03	8.424500e-05	1.124533e+00	1.753107e-02	2.433860e-03
4.526922e-01	3.669126e-03	8.166200e-05	1.127082e+00	1.761302e-02	2.528290e-03
4.543941e-01	3.673255e-03	7.897800e-05	1.129640e+00	1.769283e-02	2.621900e-03
4.560987e-01	3.677472e-03	7.619400e-05	1.132208e+00	1.777044e-02	2.714680e-03
4.578061e-01	3.681779e-03	7.331000e-05	1.134784e+00	1.784576e-02	2.806550e-03
4.595163e-01	3.686175e-03	7.032800e-05	1.137371e+00	1.791874e-02	2.897500e-03
4.612293e-01	3.690662e-03	6.725100e-05	1.139966e+00	1.798931e-02	2.987490e-03
4.629450e-01	3.695239e-03	6.407700e-05	1.142571e+00	1.805740e-02	3.076460e-03
4.646635e-01	3.699907e-03	6.080800e-05	1.145185e+00	1.812293e-02	3.164380e-03
4.663849e-01	3.704666e-03	5.744500e-05	1.147809e+00	1.818586e-02	3.251230e-03
4.681090e-01	3.709517e-03	5.399100e-05	1.150443e+00	1.824610e-02	3.336930e-03
4.698359e-01	3.714459e-03	5.044500e-05	1.153086e+00	1.830360e-02	3.421460e-03
4.715657e-01	3.719492e-03	4.681100e-05	1.155739e+00	1.835829e-02	3.504780e-03
4.732983e-01	3.724616e-03	4.308800e-05	1.158402e+00	1.841011e-02	3.586850e-03
4.750337e-01	3.729831e-03	3.927900e-05	1.161074e+00	1.845900e-02	3.667620e-03
4.767720e-01	3.735137e-03	3.538500e-05	1.163757e+00	1.850490e-02	3.747070e-03
4.785131e-01	3.740533e-03	3.140800e-05	1.166449e+00	1.854774e-02	3.825130e-03
4.802571e-01	3.746018e-03	2.734900e-05	1.169151e+00	1.858747e-02	3.901780e-03
4.820039e-01	3.751593e-03	2.616100e-05	1.171864e+00	1.862404e-02	3.976970e-03
4.837536e-01	3.757256e-03	2.579200e-05	1.174586e+00	1.865737e-02	4.050650e-03
4.855062e-01	3.763006e-03	2.541600e-05	1.177319e+00	1.868742e-02	4.122790e-03
4.872617e-01	3.768844e-03	2.503300e-05	1.180062e+00	1.871414e-02	4.193350e-03
4.890201e-01	3.774767e-03	2.464400e-05	1.182815e+00	1.873747e-02	4.262280e-03
4.907813e-01	3.780775e-03	2.424800e-05	1.185578e+00	1.875735e-02	4.329540e-03
4.925455e-01	3.786866e-03	2.384700e-05	1.188352e+00	1.877374e-02	4.395100e-03
4.943126e-01	3.793040e-03	2.344000e-05	1.191136e+00	1.878660e-02	4.458900e-03
4.960827e-01	3.799294e-03	2.302600e-05	1.193931e+00	1.879586e-02	4.520890e-03
4.978557e-01	3.805628e-03	2.260900e-05	1.196737e+00	1.880149e-02	4.581060e-03
4.996316e-01	3.812040e-03	2.222600e-05	1.199553e+00	1.880344e-02	4.639340e-03
5.014104e-01	3.818527e-03	2.713100e-05	1.202379e+00	1.880166e-02	4.695690e-03
5.031923e-01	3.825090e-03	3.209500e-05	1.205217e+00	1.879613e-02	4.750080e-03
5.049771e-01	3.831724e-03	3.711400e-05	1.208065e+00	1.878679e-02	4.802460e-03
5.067648e-01	3.838429e-03	4.218700e-05	1.210924e+00	1.877362e-02	4.852780e-03
5.085556e-01	3.845203e-03	4.731000e-05	1.213794e+00	1.875658e-02	4.901010e-03
5.103493e-01	3.852043e-03	5.248400e-05	1.216675e+00	1.873564e-02	4.947100e-03
5.121461e-01	3.858947e-03	5.770400e-05	1.219567e+00	1.871077e-02	4.991000e-03
5.139458e-01	3.865912e-03	6.296800e-05	1.222470e+00	1.868194e-02	5.032680e-03
5.157486e-01	3.872937e-03	6.827500e-05	1.225384e+00	1.864913e-02	5.072080e-03
5.175544e-01	3.880018e-03	7.362200e-05	1.228310e+00	1.861231e-02	5.109170e-03
5.193632e-01	3.887153e-03	7.900500e-05	1.231247e+00	1.857149e-02	5.143890e-03
5.211751e-01	3.894340e-03	8.442300e-05	1.234195e+00	1.852663e-02	5.176210e-03
5.229900e-01	3.901574e-03	8.987300e-05	1.237154e+00	1.847773e-02	5.206080e-03
5.248080e-01	3.908854e-03	9.535300e-05	1.240125e+00	1.842478e-02	5.233460e-03
5.266291e-01	3.916177e-03	1.008600e-04	1.243107e+00	1.836779e-02	5.258300e-03
5.284532e-01	3.923538e-03	1.063910e-04	1.246101e+00	1.830676e-02	5.280560e-03
5.302804e-01	3.930936e-03	1.119430e-04	1.249107e+00	1.824170e-02	5.300190e-03
5.321107e-01	3.938366e-03	1.175140e-04	1.252124e+00	1.817261e-02	5.317160e-03
5.339441e-01	3.945826e-03	1.231010e-04	1.255153e+00	1.809953e-02	5.331400e-03
5.357807e-01	3.953311e-03	1.287010e-04	1.258194e+00	1.802247e-02	5.342870e-03
5.376203e-01	3.960819e-03	1.343130e-04	1.261247e+00	1.794147e-02	5.351550e-03
5.394631e-01	3.968345e-03	1.399310e-04	1.264311e+00	1.785657e-02	5.357360e-03
5.413090e-01	3.975887e-03	1.455540e-04	1.267388e+00	1.776782e-02	5.360290e-03
5.431581e-01	3.983439e-03	1.511780e-04	1.270477e+00	1.767527e-02	5.360260e-03
5.450103e-01	3.990999e-03	1.568010e-04	1.273578e+00	1.757899e-02	5.357240e-03
5.468657e-01	3.998562e-03	1.624180e-04	1.276691e+00	1.747905e-02	5.351190e-03
5.487243e-01	4.006125e-03	1.680290e-04	1.279816e+00	1.737553e-02	5.342060e-03
5.505860e-01	4.013683e-03	1.736290e-04	1.282953e+00	1.726854e-02	5.329790e-03
5.524510e-01	4.021232e-03	1.792140e-04	1.286103e+00	1.715818e-02	5.314360e-03
5.543192e-01	4.028768e-03	1.847810e-04	1.289265e+00	1.704456e-02	5.295690e-03
5.561905e-01	4.036287e-03	1.903290e-04	1.292440e+00	1.692783e-02	5.273770e-03
5.580651e-01	4.043784e-03	1.958520e-04	1.295628e+00	1.680814e-02	5.248520e-03
5.599429e-01	4.051255e-03	2.013490e-04	1.298828e+00	1.668564e-02	5.219920e-03
5.618240e-01	4.058696e-03	2.068140e-04	1.302040e+00	1.656052e-02	5.187910e-03
5.637083e-01	4.066103e-03	2.122460e-04	1.305265e+00	1.643299e-02	5.152440e-03
5.655959e-01	4.073470e-03	2.176400e-04	1.308504e+00	1.630326e-02	5.113470e-03
5.674868e-01	4.080793e-03	2.229930e-04	1.311755e+00	1.617157e-02	5.070950e-03
5.693809e-01	4.088067e-03	2.283020e-04	1.315019e+00	1.603820e-02	5.024830e-03
5.712783e-01	4.095289e-03	2.335620e-04	1.318295e+00	1.590343e-02	4.975070e-03
5.731790e-01	4.102453e-03	2.387700e-04	1.321585e+00	1.576758e-02	4.921620e-03
5.750831e-01	4.109555e-03	2.439230e-04	1.324888e+00	1.563099e-02	4.864420e-03
5.769904e-01	4.116589e-03	2.490160e-04	1.328205e+00	1.549405e-02	4.803430e-03
5.789011e-01	4.123552e-03	2.540460e-04	1.331534e+00	1.535715e-02	4.738620e-03
5.808151e-01	4.130439e-03	2.590100e-04	1.334877e+00	1.522074e-02	4.669920e-03
5.827325e-01	4.137244e-03	2.639030e-04	1.338233e+00	1.508530e-02	4.597290e-03
5.846532e-01	4.143963e-03	2.687220e-04	1.341603e+00	1.495133e-02	4.520660e-03
5.865773e-01	4.150592e-03	2.734610e-04	1.344986e+00	1.481940e-02	4.440020e-03
5.885048e-01	4.157125e-03	2.781190e-04	1.348382e+00	1.469011e-02	4.355300e-03
5.904356e-01	4.163558e-03	2.826900e-04	1.351793e+00	1.456408e-02	4.266440e-03
5.923699e-01	4.169886e-03	2.871710e-04	1.355217e+00	1.444200e-02	4.173420e-03
5.943076e-01	4.176105e-03	2.915570e-04	1.358654e+00	1.432459e-02	4.076170e-03
5.962487e-01	4.182209e-03	2.958430e-04	1.362106e+00	1.421264e-02	3.974650e-03
5.981932e-01	4.188195e-03	3.000280e-04	1.365571e+00	1.410694e-02	3.868800e-03
6.001412e-01	4.194057e-03	3.041060e-04	1.369050e+00	1.400836e-02	3.758580e-03
6.020926e-01	4.199791e-03	3.080720e-04	1.372544e+00	1.391780e-02	3.643940e-03
6.040475e-01	4.205393e-03	3.119220e-04	1.376051e+00	1.383620e-02	3.524840e-03
6.060058e-01	4.210857e-03	3.156530e-04	1.379573e+00	1.376452e-02	3.401200e-03
6.079677e-01	4.216180e-03	3.192590e-04	1.383108e+00	1.370376e-02	3.273000e-03
6.099330e-01	4.221357e-03	3.227370e-04	1.386659e+00	1.365496e-02	3.140180e-03
6.119019e-01	4.226384e-03	3.260810e-04	1.390223e+00	1.361914e-02	3.002680e-03
6.138742e-01	4.231256e-03	3.292880e-04	1.393802e+00	1.359736e-02	2.860470e-03
6.158501e-01	4.235970e-03	3.323530e-04	1.397395e+00	1.359066e-02	2.713480e-03
6.178295e-01	4.240522e-03	3.352700e-04	1.401003e+00	1.360005e-02	2.561670e-03
6.198125e-01	4.244907e-03	3.380370e-04	1.404625e+00	1.362656e-02	2.405000e-03
6.217990e-01	4.249122e-03	3.406480e-04	1.408262e+00	1.367115e-02	2.243390e-03
6.237891e-01	4.253162e-03	3.430980e-04	1.411914e+00	1.373473e-02	2.076810e-03
6.257828e-01	4.257026e-03	3.453820e-04	1.415581e+00	1.381817e-02	1.905210e-03
6.277800e-01	4.260708e-03	3.474960e-04	1.419262e+00	1.392227e-02	1.728520e-03
6.297809e-01	4.264206e-03	3.494340e-04	1.422958e+00	1.404774e-02	1.546720e-03
6.317854e-01	4.267516e-03	3.511940e-04	1.426670e+00	1.419520e-02	1.359740e-03
6.337935e-01	4.270636e-03	3.527680e-04	1.430396e+00	1.436522e-02	1.167520e-03
6.358052e-01	4.273563e-03	3.541530e-04	1.434138e+00	1.455823e-02	9.700300e-04
6.378206e-01	4.276293e-03	3.553420e-04	1.437895e+00	1.477459e-02	7.672000e-04
6.398397e-01	4.278825e-03	3.563330e-04	1.441667e+00	1.501457e-02	5.589900e-04
