0: p [mpi^4]	1: stat_err p	2: sys_err p	3: e [mpi^4]	4: stat_err e	5: sys_err e
0.000000e+00	0.000000e+00	0.000000e+00	0.000000e+00	0.000000e+00	0.000000e+00
0.000000e+00	0.000000e+00	0.000000e+00	0.000000e+00	0.000000e+00	0.000000e+00
0.000000e+00	0.000000e+00	0.000000e+00	0.000000e+00	0.000000e+00	0.000000e+00
0.000000e+00	0.000000e+00	0.000000e+00	0.000000e+00	0.000000e+00	0.000000e+00
0.000000e+00	0.000000e+00	0.000000e+00	0.000000e+00	0.000000e+00	0.000000e+00
0.000000e+00	0.000000e+00	0.000000e+00	0.000000e+00	0.000000e+00	0.000000e+00
0.000000e+00	0.000000e+00	0.000000e+00	0.000000e+00	0.000000e+00	0.000000e+00
0.000000e+00	0.000000e+00	0.000000e+00	0.000000e+00	0.000000e+00	0.000000e+00
0.000000e+00	0.000000e+00	0.000000e+00	0.000000e+00	0.000000e+00	0.000000e+00
0.000000e+00	0.000000e+00	0.000000e+00	0.000000e+00	0.000000e+00	0.000000e+00
0.000000e+00	0.000000e+00	0.000000e+00	0.000000e+00	0.000000e+00	0.000000e+00
0.000000e+00	0.000000e+00	0.000000e+00	0.000000e+00	0.000000e+00	0.000000e+00
0.000000e+00	0.000000e+00	0.000000e+00	0.000000e+00	0.000000e+00	0.000000e+00
0.000000e+00	0.000000e+00	0.000000e+00	0.000000e+00	0.000000e+00	0.000000e+00
0.000000e+00	0.000000e+00	0.000000e+00	0.000000e+00	0.000000e+00	0.000000e+00
0.000000e+00	0.000000e+00	0.000000e+00	0.000000e+00	0.000000e+00	0.000000e+00
0.000000e+00	0.000000e+00	0.000000e+00	0.000000e+00	0.000000e+00	0.000000e+00
0.000000e+00	0.000000e+00	0.000000e+00	0.000000e+00	0.000000e+00	0.000000e+00
0.000000e+00	0.000000e+00	0.000000e+00	0.000000e+00	0.000000e+00	0.000000e+00
0.000000e+00	0.000000e+00	0.000000e+00	0.000000e+00	0.000000e+00	0.000000e+00
0.000000e+00	0.000000e+00	0.000000e+00	0.000000e+00	0.000000e+00	0.000000e+00
0.000000e+00	0.000000e+00	0.000000e+00	0.000000e+00	0.000000e+00	0.000000e+00
0.000000e+00	0.000000e+00	0.000000e+00	0.000000e+00	0.000000e+00	0.000000e+00
0.000000e+00	0.000000e+00	0.000000e+00	0.000000e+00	0.000000e+00	0.000000e+00
0.000000e+00	0.000000e+00	0.000000e+00	0.000000e+00	0.000000e+00	0.000000e+00
0.000000e+00	0.000000e+00	0.000000e+00	0.000000e+00	0.000000e+00	0.000000e+00
0.000000e+00	0.000000e+00	0.000000e+00	0.000000e+00	0.000000e+00	0.000000e+00
0.000000e+00	0.000000e+00	0.000000e+00	0.000000e+00	0.000000e+00	0.000000e+00
0.000000e+00	0.000000e+00	0.000000e+00	0.000000e+00	0.000000e+00	0.000000e+00
0.000000e+00	0.000000e+00	0.000000e+00	0.000000e+00	0.000000e+00	0.000000e+00
0.000000e+00	0.000000e+00	0.000000e+00	0.000000e+00	0.000000e+00	0.000000e+00
0.000000e+00	0.000000e+00	0.000000e+00	0.000000e+00	0.000000e+00	0.000000e+00
0.000000e+00	0.000000e+00	0.000000e+00	0.000000e+00	0.000000e+00	0.000000e+00
0.000000e+00	0.000000e+00	0.000000e+00	0.000000e+00	0.000000e+00	0.000000e+00
0.000000e+00	0.000000e+00	0.000000e+00	0.000000e+00	0.000000e+00	0.000000e+00
0.000000e+00	0.000000e+00	0.000000e+00	0.000000e+00	0.000000e+00	0.000000e+00
0.000000e+00	0.000000e+00	0.000000e+00	0.000000e+00	0.000000e+00	0.000000e+00
0.000000e+00	0.000000e+00	0.000000e+00	0.000000e+00	0.000000e+00	0.000000e+00
0.000000e+00	0.000000e+00	0.000000e+00	0.000000e+00	0.000000e+00	0.000000e+00
0.000000e+00	0.000000e+00	0.000000e+00	0.000000e+00	0.000000e+00	0.000000e+00
0.000000e+00	0.000000e+00	0.000000e+00	0.000000e+00	0.000000e+00	0.000000e+00
0.000000e+00	0.000000e+00	0.000000e+00	0.000000e+00	0.000000e+00	0.000000e+00
0.000000e+00	0.000000e+00	0.000000e+00	0.000000e+00	0.000000e+00	0.000000e+00
0.000000e+00	0.000000e+00	0.000000e+00	0.000000e+00	0.000000e+00	0.000000e+00
0.000000e+00	0.000000e+00	0.000000e+00	0.000000e+00	0.000000e+00	0.000000e+00
0.000000e+00	0.000000e+00	0.000000e+00	0.000000e+00	0.000000e+00	0.000000e+00
0.000000e+00	0.000000e+00	0.000000e+00	0.000000e+00	0.000000e+00	0.000000e+00
0.000000e+00	0.000000e+00	0.000000e+00	0.000000e+00	0.000000e+00	0.000000e+00
0.000000e+00	0.000000e+00	0.000000e+00	0.000000e+00	0.000000e+00	0.000000e+00
0.000000e+00	0.000000e+00	0.000000e+00	0.000000e+00	0.000000e+00	0.000000e+00
0.000000e+00	0.000000e+00	0.000000e+00	0.000000e+00	0.000000e+00	0.000000e+00
0.000000e+00	0.000000e+00	0.000000e+00	0.000000e+00	0.000000e+00	0.000000e+00
0.000000e+00	0.000000e+00	0.000000e+00	0.000000e+00	0.000000e+00	0.000000e+00
0.000000e+00	0.000000e+00	0.000000e+00	0.000000e+00	0.000000e+00	0.000000e+00
0.000000e+00	0.000000e+00	0.000000e+00	0.000000e+00	0.000000e+00	0.000000e+00
0.000000e+00	0.000000e+00	0.000000e+00	0.000000e+00	0.000000e+00	0.000000e+00
0.000000e+00	0.000000e+00	0.000000e+00	0.000000e+00	0.000000e+00	0.000000e+00
0.000000e+00	0.000000e+00	0.000000e+00	0.000000e+00	0.000000e+00	0.000000e+00
0.000000e+00	0.000000e+00	0.000000e+00	0.000000e+00	0.000000e+00	0.000000e+00
0.000000e+00	0.000000e+00	0.000000e+00	0.000000e+00	0.000000e+00	0.000000e+00
0.000000e+00	0.000000e+00	0.000000e+00	0.000000e+00	0.000000e+00	0.000000e+00
0.000000e+00	0.000000e+00	0.000000e+00	0.000000e+00	0.000000e+00	0.000000e+00
0.000000e+00	0.000000e+00	0.000000e+00	0.000000e+00	0.000000e+00	0.000000e+00
0.000000e+00	0.000000e+00	0.000000e+00	0.000000e+00	0.000000e+00	0.000000e+00
0.000000e+00	0.000000e+00	0.000000e+00	0.000000e+00	0.000000e+00	0.000000e+00
0.000000e+00	0.000000e+00	0.000000e+00	0.000000e+00	0.000000e+00	0.000000e+00
0.000000e+00	0.000000e+00	0.000000e+00	0.000000e+00	0.000000e+00	0.000000e+00
0.000000e+00	0.000000e+00	0.000000e+00	0.000000e+00	0.000000e+00	0.000000e+00
0.000000e+00	0.000000e+00	0.000000e+00	0.000000e+00	0.000000e+00	0.000000e+00
0.000000e+00	0.000000e+00	0.000000e+00	0.000000e+00	0.000000e+00	0.000000e+00
0.000000e+00	0.000000e+00	0.000000e+00	0.000000e+00	0.000000e+00	0.000000e+00
0.000000e+00	0.000000e+00	0.000000e+00	0.000000e+00	0.000000e+00	0.000000e+00
0.000000e+00	0.000000e+00	0.000000e+00	0.000000e+00	0.000000e+00	0.000000e+00
0.000000e+00	0.000000e+00	0.000000e+00	0.000000e+00	0.000000e+00	0.000000e+00
0.000000e+00	0.000000e+00	0.000000e+00	0.000000e+00	0.000000e+00	0.000000e+00
0.000000e+00	0.000000e+00	0.000000e+00	0.000000e+00	0.000000e+00	0.000000e+00
0.000000e+00	0.000000e+00	0.000000e+00	0.000000e+00	0.000000e+00	0.000000e+00
0.000000e+00	0.000000e+00	0.000000e+00	0.000000e+00	0.000000e+00	0.000000e+00
0.000000e+00	0.000000e+00	0.000000e+00	0.000000e+00	0.000000e+00	0.000000e+00
0.000000e+00	0.000000e+00	0.000000e+00	0.000000e+00	0.000000e+00	0.000000e+00
0.000000e+00	0.000000e+00	0.000000e+00	0.000000e+00	0.000000e+00	0.000000e+00
0.000000e+00	0.000000e+00	0.000000e+00	0.000000e+00	0.000000e+00	0.000000e+00
0.000000e+00	0.000000e+00	0.000000e+00	0.000000e+00	0.000000e+00	0.000000e+00
0.000000e+00	0.000000e+00	0.000000e+00	0.000000e+00	0.000000e+00	0.000000e+00
0.000000e+00	0.000000e+00	0.000000e+00	0.000000e+00	0.000000e+00	0.000000e+00
0.000000e+00	0.000000e+00	0.000000e+00	0.000000e+00	0.000000e+00	0.000000e+00
0.000000e+00	0.000000e+00	0.000000e+00	0.000000e+00	0.000000e+00	0.000000e+00
0.000000e+00	0.000000e+00	0.000000e+00	0.000000e+00	0.000000e+00	0.000000e+00
0.000000e+00	0.000000e+00	0.000000e+00	0.000000e+00	0.000000e+00	0.000000e+00
0.000000e+00	0.000000e+00	0.000000e+00	0.000000e+00	0.000000e+00	0.000000e+00
0.000000e+00	0.000000e+00	0.000000e+00	0.000000e+00	0.000000e+00	0.000000e+00
0.000000e+00	0.000000e+00	0.000000e+00	0.000000e+00	0.000000e+00	0.000000e+00
0.000000e+00	0.000000e+00	0.000000e+00	0.000000e+00	0.000000e+00	0.000000e+00
0.000000e+00	0.000000e+00	0.000000e+00	0.000000e+00	0.000000e+00	0.000000e+00
0.000000e+00	0.000000e+00	0.000000e+00	0.000000e+00	0.000000e+00	0.000000e+00
0.000000e+00	0.000000e+00	0.000000e+00	0.000000e+00	0.000000e+00	0.000000e+00
0.000000e+00	0.000000e+00	0.000000e+00	0.000000e+00	0.000000e+00	0.000000e+00
0.000000e+00	0.000000e+00	0.000000e+00	0.000000e+00	0.000000e+00	0.000000e+00
0.000000e+00	0.000000e+00	0.000000e+00	0.000000e+00	0.000000e+00	0.000000e+00
0.000000e+00	0.000000e+00	0.000000e+00	0.000000e+00	0.000000e+00	0.000000e+00
0.000000e+00	0.000000e+00	0.000000e+00	0.000000e+00	0.000000e+00	0.000000e+00
0.000000e+00	0.000000e+00	0.000000e+00	0.000000e+00	0.000000e+00	0.000000e+00
0.000000e+00	0.000000e+00	0.000000e+00	0.000000e+00	0.000000e+00	0.000000e+00
0.000000e+00	0.000000e+00	0.000000e+00	0.000000e+00	0.000000e+00	0.000000e+00
0.000000e+00	0.000000e+00	0.000000e+00	0.000000e+00	0.000000e+00	0.000000e+00
0.000000e+00	0.000000e+00	0.000000e+00	0.000000e+00	0.000000e+00	0.000000e+00
0.000000e+00	0.000000e+00	0.000000e+00	0.000000e+00	0.000000e+00	0.000000e+00
0.000000e+00	0.000000e+00	0.000000e+00	0.000000e+00	0.000000e+00	0.000000e+00
0.000000e+00	0.000000e+00	0.000000e+00	0.000000e+00	0.000000e+00	0.000000e+00
0.000000e+00	0.000000e+00	0.000000e+00	0.000000e+00	0.000000e+00	0.000000e+00
0.000000e+00	0.000000e+00	0.000000e+00	0.000000e+00	0.000000e+00	0.000000e+00
0.000000e+00	0.000000e+00	0.000000e+00	0.000000e+00	0.000000e+00	0.000000e+00
0.000000e+00	0.000000e+00	0.000000e+00	0.000000e+00	0.000000e+00	0.000000e+00
0.000000e+00	0.000000e+00	0.000000e+00	0.000000e+00	0.000000e+00	0.000000e+00
0.000000e+00	0.000000e+00	0.000000e+00	0.000000e+00	0.000000e+00	0.000000e+00
0.000000e+00	0.000000e+00	0.000000e+00	0.000000e+00	0.000000e+00	0.000000e+00
0.000000e+00	0.000000e+00	0.000000e+00	0.000000e+00	0.000000e+00	0.000000e+00
0.000000e+00	0.000000e+00	0.000000e+00	0.000000e+00	0.000000e+00	0.000000e+00
0.000000e+00	0.000000e+00	0.000000e+00	0.000000e+00	0.000000e+00	0.000000e+00
0.000000e+00	0.000000e+00	0.000000e+00	0.000000e+00	0.000000e+00	0.000000e+00
0.000000e+00	0.000000e+00	0.000000e+00	0.000000e+00	0.000000e+00	0.000000e+00
0.000000e+00	0.000000e+00	0.000000e+00	0.000000e+00	0.000000e+00	0.000000e+00
0.000000e+00	0.000000e+00	0.000000e+00	0.000000e+00	0.000000e+00	0.000000e+00
0.000000e+00	0.000000e+00	0.000000e+00	0.000000e+00	0.000000e+00	0.000000e+00
0.000000e+00	0.000000e+00	0.000000e+00	0.000000e+00	0.000000e+00	0.000000e+00
0.000000e+00	0.000000e+00	0.000000e+00	0.000000e+00	0.000000e+00	0.000000e+00
0.000000e+00	0.000000e+00	0.000000e+00	0.000000e+00	0.000000e+00	0.000000e+00
0.000000e+00	0.000000e+00	0.000000e+00	0.000000e+00	0.000000e+00	0.000000e+00
0.000000e+00	0.000000e+00	0.000000e+00	0.000000e+00	0.000000e+00	0.000000e+00
0.000000e+00	0.000000e+00	0.000000e+00	0.000000e+00	0.000000e+00	0.000000e+00
0.000000e+00	0.000000e+00	0.000000e+00	0.000000e+00	0.000000e+00	0.000000e+00
0.000000e+00	0.000000e+00	0.000000e+00	0.000000e+00	0.000000e+00	0.000000e+00
0.000000e+00	0.000000e+00	0.000000e+00	0.000000e+00	0.000000e+00	0.000000e+00
0.000000e+00	0.000000e+00	0.000000e+00	0.000000e+00	0.000000e+00	0.000000e+00
0.000000e+00	0.000000e+00	0.000000e+00	0.000000e+00	0.000000e+00	0.000000e+00
0.000000e+00	0.000000e+00	0.000000e+00	0.000000e+00	0.000000e+00	0.000000e+00
0.000000e+00	0.000000e+00	0.000000e+00	0.000000e+00	0.000000e+00	0.000000e+00
0.000000e+00	0.000000e+00	0.000000e+00	0.000000e+00	0.000000e+00	0.000000e+00
0.000000e+00	0.000000e+00	0.000000e+00	0.000000e+00	0.000000e+00	0.000000e+00
0.000000e+00	0.000000e+00	0.000000e+00	0.000000e+00	0.000000e+00	0.000000e+00
0.000000e+00	0.000000e+00	0.000000e+00	0.000000e+00	0.000000e+00	0.000000e+00
0.000000e+00	0.000000e+00	0.000000e+00	0.000000e+00	0.000000e+00	0.000000e+00
0.000000e+00	0.000000e+00	0.000000e+00	0.000000e+00	0.000000e+00	0.000000e+00
0.000000e+00	0.000000e+00	0.000000e+00	0.000000e+00	0.000000e+00	0.000000e+00
0.000000e+00	0.000000e+00	0.000000e+00	0.000000e+00	0.000000e+00	0.000000e+00
0.000000e+00	0.000000e+00	0.000000e+00	0.000000e+00	0.000000e+00	0.000000e+00
0.000000e+00	0.000000e+00	0.000000e+00	0.000000e+00	0.000000e+00	0.000000e+00
0.000000e+00	0.000000e+00	0.000000e+00	0.000000e+00	0.000000e+00	0.000000e+00
0.000000e+00	0.000000e+00	0.000000e+00	0.000000e+00	0.000000e+00	0.000000e+00
0.000000e+00	0.000000e+00	0.000000e+00	0.000000e+00	0.000000e+00	0.000000e+00
0.000000e+00	0.000000e+00	0.000000e+00	0.000000e+00	0.000000e+00	0.000000e+00
0.000000e+00	0.000000e+00	0.000000e+00	0.000000e+00	0.000000e+00	0.000000e+00
0.000000e+00	0.000000e+00	0.000000e+00	0.000000e+00	0.000000e+00	0.000000e+00
0.000000e+00	0.000000e+00	0.000000e+00	0.000000e+00	0.000000e+00	0.000000e+00
0.000000e+00	0.000000e+00	0.000000e+00	0.000000e+00	0.000000e+00	0.000000e+00
0.000000e+00	0.000000e+00	0.000000e+00	0.000000e+00	0.000000e+00	0.000000e+00
0.000000e+00	0.000000e+00	0.000000e+00	0.000000e+00	0.000000e+00	0.000000e+00
0.000000e+00	0.000000e+00	0.000000e+00	0.000000e+00	0.000000e+00	0.000000e+00
0.000000e+00	0.000000e+00	0.000000e+00	0.000000e+00	0.000000e+00	0.000000e+00
0.000000e+00	0.000000e+00	0.000000e+00	0.000000e+00	0.000000e+00	0.000000e+00
0.000000e+00	0.000000e+00	0.000000e+00	0.000000e+00	0.000000e+00	0.000000e+00
0.000000e+00	0.000000e+00	0.000000e+00	0.000000e+00	0.000000e+00	0.000000e+00
0.000000e+00	0.000000e+00	0.000000e+00	0.000000e+00	0.000000e+00	0.000000e+00
0.000000e+00	0.000000e+00	0.000000e+00	0.000000e+00	0.000000e+00	0.000000e+00
0.000000e+00	0.000000e+00	0.000000e+00	0.000000e+00	0.000000e+00	0.000000e+00
0.000000e+00	0.000000e+00	0.000000e+00	0.000000e+00	0.000000e+00	0.000000e+00
0.000000e+00	0.000000e+00	0.000000e+00	0.000000e+00	0.000000e+00	0.000000e+00
0.000000e+00	0.000000e+00	0.000000e+00	0.000000e+00	0.000000e+00	0.000000e+00
0.000000e+00	0.000000e+00	0.000000e+00	0.000000e+00	0.000000e+00	0.000000e+00
0.000000e+00	0.000000e+00	0.000000e+00	0.000000e+00	0.000000e+00	0.000000e+00
0.000000e+00	0.000000e+00	0.000000e+00	0.000000e+00	0.000000e+00	0.000000e+00
0.000000e+00	0.000000e+00	0.000000e+00	0.000000e+00	0.000000e+00	0.000000e+00
0.000000e+00	0.000000e+00	0.000000e+00	0.000000e+00	0.000000e+00	0.000000e+00
0.000000e+00	0.000000e+00	0.000000e+00	0.000000e+00	0.000000e+00	0.000000e+00
0.000000e+00	0.000000e+00	0.000000e+00	0.000000e+00	0.000000e+00	0.000000e+00
0.000000e+00	0.000000e+00	0.000000e+00	0.000000e+00	0.000000e+00	0.000000e+00
0.000000e+00	0.000000e+00	0.000000e+00	0.000000e+00	0.000000e+00	0.000000e+00
0.000000e+00	0.000000e+00	0.000000e+00	0.000000e+00	0.000000e+00	0.000000e+00
0.000000e+00	0.000000e+00	0.000000e+00	0.000000e+00	0.000000e+00	0.000000e+00
0.000000e+00	0.000000e+00	0.000000e+00	0.000000e+00	0.000000e+00	0.000000e+00
0.000000e+00	0.000000e+00	0.000000e+00	0.000000e+00	0.000000e+00	0.000000e+00
0.000000e+00	0.000000e+00	0.000000e+00	0.000000e+00	0.000000e+00	0.000000e+00
0.000000e+00	0.000000e+00	0.000000e+00	0.000000e+00	0.000000e+00	0.000000e+00
0.000000e+00	0.000000e+00	0.000000e+00	0.000000e+00	0.000000e+00	0.000000e+00
0.000000e+00	0.000000e+00	0.000000e+00	0.000000e+00	0.000000e+00	0.000000e+00
0.000000e+00	0.000000e+00	0.000000e+00	0.000000e+00	0.000000e+00	0.000000e+00
0.000000e+00	0.000000e+00	0.000000e+00	0.000000e+00	0.000000e+00	0.000000e+00
0.000000e+00	0.000000e+00	0.000000e+00	0.000000e+00	0.000000e+00	0.000000e+00
0.000000e+00	0.000000e+00	0.000000e+00	0.000000e+00	0.000000e+00	0.000000e+00
0.000000e+00	0.000000e+00	0.000000e+00	0.000000e+00	0.000000e+00	0.000000e+00
0.000000e+00	0.000000e+00	0.000000e+00	0.000000e+00	0.000000e+00	0.000000e+00
0.000000e+00	0.000000e+00	0.000000e+00	0.000000e+00	0.000000e+00	0.000000e+00
0.000000e+00	0.000000e+00	0.000000e+00	0.000000e+00	0.000000e+00	0.000000e+00
0.000000e+00	0.000000e+00	0.000000e+00	0.000000e+00	0.000000e+00	0.000000e+00
0.000000e+00	0.000000e+00	0.000000e+00	0.000000e+00	0.000000e+00	0.000000e+00
0.000000e+00	0.000000e+00	0.000000e+00	0.000000e+00	0.000000e+00	0.000000e+00
0.000000e+00	0.000000e+00	0.000000e+00	0.000000e+00	0.000000e+00	0.000000e+00
0.000000e+00	0.000000e+00	0.000000e+00	0.000000e+00	0.000000e+00	0.000000e+00
0.000000e+00	0.000000e+00	0.000000e+00	0.000000e+00	0.000000e+00	0.000000e+00
0.000000e+00	0.000000e+00	0.000000e+00	0.000000e+00	0.000000e+00	0.000000e+00
0.000000e+00	0.000000e+00	0.000000e+00	0.000000e+00	0.000000e+00	0.000000e+00
0.000000e+00	0.000000e+00	0.000000e+00	0.000000e+00	0.000000e+00	0.000000e+00
0.000000e+00	0.000000e+00	0.000000e+00	0.000000e+00	0.000000e+00	0.000000e+00
0.000000e+00	0.000000e+00	0.000000e+00	0.000000e+00	0.000000e+00	0.000000e+00
0.000000e+00	0.000000e+00	0.000000e+00	0.000000e+00	0.000000e+00	0.000000e+00
0.000000e+00	0.000000e+00	0.000000e+00	0.000000e+00	0.000000e+00	0.000000e+00
0.000000e+00	0.000000e+00	0.000000e+00	0.000000e+00	0.000000e+00	0.000000e+00
0.000000e+00	0.000000e+00	0.000000e+00	0.000000e+00	0.000000e+00	0.000000e+00
0.000000e+00	0.000000e+00	0.000000e+00	0.000000e+00	0.000000e+00	0.000000e+00
0.000000e+00	0.000000e+00	0.000000e+00	0.000000e+00	0.000000e+00	0.000000e+00
0.000000e+00	0.000000e+00	0.000000e+00	0.000000e+00	0.000000e+00	0.000000e+00
0.000000e+00	0.000000e+00	0.000000e+00	0.000000e+00	0.000000e+00	0.000000e+00
0.000000e+00	0.000000e+00	0.000000e+00	0.000000e+00	0.000000e+00	0.000000e+00
0.000000e+00	0.000000e+00	0.000000e+00	0.000000e+00	0.000000e+00	0.000000e+00
0.000000e+00	0.000000e+00	0.000000e+00	0.000000e+00	0.000000e+00	0.000000e+00
0.000000e+00	0.000000e+00	0.000000e+00	0.000000e+00	0.000000e+00	0.000000e+00
0.000000e+00	0.000000e+00	0.000000e+00	0.000000e+00	0.000000e+00	0.000000e+00
0.000000e+00	0.000000e+00	0.000000e+00	0.000000e+00	0.000000e+00	0.000000e+00
0.000000e+00	0.000000e+00	0.000000e+00	0.000000e+00	0.000000e+00	0.000000e+00
0.000000e+00	0.000000e+00	0.000000e+00	0.000000e+00	0.000000e+00	0.000000e+00
0.000000e+00	0.000000e+00	0.000000e+00	0.000000e+00	0.000000e+00	0.000000e+00
0.000000e+00	0.000000e+00	0.000000e+00	0.000000e+00	0.000000e+00	0.000000e+00
0.000000e+00	0.000000e+00	0.000000e+00	0.000000e+00	0.000000e+00	0.000000e+00
0.000000e+00	0.000000e+00	0.000000e+00	0.000000e+00	0.000000e+00	0.000000e+00
0.000000e+00	0.000000e+00	0.000000e+00	0.000000e+00	0.000000e+00	0.000000e+00
0.000000e+00	0.000000e+00	0.000000e+00	0.000000e+00	0.000000e+00	0.000000e+00
0.000000e+00	0.000000e+00	0.000000e+00	0.000000e+00	0.000000e+00	0.000000e+00
0.000000e+00	0.000000e+00	0.000000e+00	0.000000e+00	0.000000e+00	0.000000e+00
0.000000e+00	0.000000e+00	0.000000e+00	0.000000e+00	0.000000e+00	0.000000e+00
0.000000e+00	0.000000e+00	0.000000e+00	0.000000e+00	0.000000e+00	0.000000e+00
0.000000e+00	0.000000e+00	0.000000e+00	0.000000e+00	0.000000e+00	0.000000e+00
0.000000e+00	0.000000e+00	0.000000e+00	0.000000e+00	0.000000e+00	0.000000e+00
0.000000e+00	0.000000e+00	0.000000e+00	0.000000e+00	0.000000e+00	0.000000e+00
0.000000e+00	0.000000e+00	0.000000e+00	0.000000e+00	0.000000e+00	0.000000e+00
0.000000e+00	0.000000e+00	0.000000e+00	0.000000e+00	0.000000e+00	0.000000e+00
0.000000e+00	0.000000e+00	0.000000e+00	0.000000e+00	0.000000e+00	0.000000e+00
0.000000e+00	0.000000e+00	0.000000e+00	0.000000e+00	0.000000e+00	0.000000e+00
0.000000e+00	0.000000e+00	0.000000e+00	0.000000e+00	0.000000e+00	0.000000e+00
0.000000e+00	0.000000e+00	0.000000e+00	0.000000e+00	0.000000e+00	0.000000e+00
0.000000e+00	0.000000e+00	0.000000e+00	0.000000e+00	0.000000e+00	0.000000e+00
0.000000e+00	0.000000e+00	0.000000e+00	0.000000e+00	0.000000e+00	0.000000e+00
0.000000e+00	0.000000e+00	0.000000e+00	0.000000e+00	0.000000e+00	0.000000e+00
0.000000e+00	0.000000e+00	0.000000e+00	0.000000e+00	0.000000e+00	0.000000e+00
0.000000e+00	0.000000e+00	0.000000e+00	0.000000e+00	0.000000e+00	0.000000e+00
0.000000e+00	0.000000e+00	0.000000e+00	0.000000e+00	0.000000e+00	0.000000e+00
0.000000e+00	0.000000e+00	0.000000e+00	0.000000e+00	0.000000e+00	0.000000e+00
0.000000e+00	0.000000e+00	0.000000e+00	0.000000e+00	0.000000e+00	0.000000e+00
0.000000e+00	0.000000e+00	0.000000e+00	0.000000e+00	0.000000e+00	0.000000e+00
0.000000e+00	0.000000e+00	0.000000e+00	0.000000e+00	0.000000e+00	0.000000e+00
0.000000e+00	0.000000e+00	0.000000e+00	0.000000e+00	0.000000e+00	0.000000e+00
0.000000e+00	0.000000e+00	0.000000e+00	0.000000e+00	0.000000e+00	0.000000e+00
0.000000e+00	0.000000e+00	0.000000e+00	0.000000e+00	0.000000e+00	0.000000e+00
0.000000e+00	0.000000e+00	0.000000e+00	0.000000e+00	0.000000e+00	0.000000e+00
0.000000e+00	0.000000e+00	0.000000e+00	0.000000e+00	0.000000e+00	0.000000e+00
0.000000e+00	0.000000e+00	0.000000e+00	0.000000e+00	0.000000e+00	0.000000e+00
0.000000e+00	0.000000e+00	0.000000e+00	0.000000e+00	0.000000e+00	0.000000e+00
0.000000e+00	0.000000e+00	0.000000e+00	0.000000e+00	0.000000e+00	0.000000e+00
0.000000e+00	0.000000e+00	0.000000e+00	0.000000e+00	0.000000e+00	0.000000e+00
0.000000e+00	0.000000e+00	0.000000e+00	0.000000e+00	0.000000e+00	0.000000e+00
0.000000e+00	0.000000e+00	0.000000e+00	0.000000e+00	0.000000e+00	0.000000e+00
0.000000e+00	0.000000e+00	0.000000e+00	0.000000e+00	0.000000e+00	0.000000e+00
0.000000e+00	0.000000e+00	0.000000e+00	0.000000e+00	0.000000e+00	0.000000e+00
0.000000e+00	0.000000e+00	0.000000e+00	0.000000e+00	0.000000e+00	0.000000e+00
0.000000e+00	0.000000e+00	0.000000e+00	0.000000e+00	0.000000e+00	0.000000e+00
0.000000e+00	0.000000e+00	0.000000e+00	0.000000e+00	0.000000e+00	0.000000e+00
0.000000e+00	0.000000e+00	0.000000e+00	0.000000e+00	0.000000e+00	0.000000e+00
0.000000e+00	0.000000e+00	0.000000e+00	0.000000e+00	0.000000e+00	0.000000e+00
0.000000e+00	0.000000e+00	0.000000e+00	0.000000e+00	0.000000e+00	0.000000e+00
0.000000e+00	0.000000e+00	0.000000e+00	0.000000e+00	0.000000e+00	0.000000e+00
0.000000e+00	0.000000e+00	0.000000e+00	0.000000e+00	0.000000e+00	0.000000e+00
0.000000e+00	0.000000e+00	0.000000e+00	0.000000e+00	0.000000e+00	0.000000e+00
0.000000e+00	0.000000e+00	0.000000e+00	0.000000e+00	0.000000e+00	0.000000e+00
0.000000e+00	0.000000e+00	0.000000e+00	0.000000e+00	0.000000e+00	0.000000e+00
0.000000e+00	0.000000e+00	0.000000e+00	0.000000e+00	0.000000e+00	0.000000e+00
0.000000e+00	0.000000e+00	0.000000e+00	0.000000e+00	0.000000e+00	0.000000e+00
0.000000e+00	0.000000e+00	0.000000e+00	0.000000e+00	0.000000e+00	0.000000e+00
0.000000e+00	0.000000e+00	0.000000e+00	0.000000e+00	0.000000e+00	0.000000e+00
0.000000e+00	0.000000e+00	0.000000e+00	0.000000e+00	0.000000e+00	0.000000e+00
0.000000e+00	0.000000e+00	0.000000e+00	0.000000e+00	0.000000e+00	0.000000e+00
0.000000e+00	0.000000e+00	0.000000e+00	0.000000e+00	0.000000e+00	0.000000e+00
0.000000e+00	0.000000e+00	0.000000e+00	0.000000e+00	0.000000e+00	0.000000e+00
0.000000e+00	0.000000e+00	0.000000e+00	0.000000e+00	0.000000e+00	0.000000e+00
0.000000e+00	0.000000e+00	0.000000e+00	0.000000e+00	0.000000e+00	0.000000e+00
0.000000e+00	0.000000e+00	0.000000e+00	0.000000e+00	0.000000e+00	0.000000e+00
0.000000e+00	0.000000e+00	0.000000e+00	0.000000e+00	0.000000e+00	0.000000e+00
0.000000e+00	0.000000e+00	0.000000e+00	0.000000e+00	0.000000e+00	0.000000e+00
0.000000e+00	0.000000e+00	0.000000e+00	0.000000e+00	0.000000e+00	0.000000e+00
0.000000e+00	0.000000e+00	0.000000e+00	0.000000e+00	0.000000e+00	0.000000e+00
0.000000e+00	0.000000e+00	0.000000e+00	0.000000e+00	0.000000e+00	0.000000e+00
0.000000e+00	0.000000e+00	0.000000e+00	0.000000e+00	0.000000e+00	0.000000e+00
0.000000e+00	0.000000e+00	0.000000e+00	0.000000e+00	0.000000e+00	0.000000e+00
0.000000e+00	0.000000e+00	0.000000e+00	0.000000e+00	0.000000e+00	0.000000e+00
0.000000e+00	0.000000e+00	0.000000e+00	0.000000e+00	0.000000e+00	0.000000e+00
0.000000e+00	0.000000e+00	0.000000e+00	0.000000e+00	0.000000e+00	0.000000e+00
0.000000e+00	0.000000e+00	0.000000e+00	0.000000e+00	0.000000e+00	0.000000e+00
0.000000e+00	0.000000e+00	0.000000e+00	0.000000e+00	0.000000e+00	0.000000e+00
0.000000e+00	0.000000e+00	0.000000e+00	0.000000e+00	0.000000e+00	0.000000e+00
0.000000e+00	0.000000e+00	0.000000e+00	0.000000e+00	0.000000e+00	0.000000e+00
0.000000e+00	0.000000e+00	0.000000e+00	0.000000e+00	0.000000e+00	0.000000e+00
0.000000e+00	0.000000e+00	0.000000e+00	0.000000e+00	0.000000e+00	0.000000e+00
0.000000e+00	0.000000e+00	0.000000e+00	0.000000e+00	0.000000e+00	0.000000e+00
0.000000e+00	0.000000e+00	0.000000e+00	0.000000e+00	0.000000e+00	0.000000e+00
0.000000e+00	0.000000e+00	0.000000e+00	0.000000e+00	0.000000e+00	0.000000e+00
0.000000e+00	0.000000e+00	0.000000e+00	0.000000e+00	0.000000e+00	0.000000e+00
0.000000e+00	0.000000e+00	0.000000e+00	0.000000e+00	0.000000e+00	0.000000e+00
0.000000e+00	0.000000e+00	0.000000e+00	0.000000e+00	0.000000e+00	0.000000e+00
0.000000e+00	0.000000e+00	0.000000e+00	0.000000e+00	0.000000e+00	0.000000e+00
0.000000e+00	0.000000e+00	0.000000e+00	0.000000e+00	0.000000e+00	0.000000e+00
0.000000e+00	0.000000e+00	0.000000e+00	0.000000e+00	0.000000e+00	0.000000e+00
0.000000e+00	0.000000e+00	0.000000e+00	0.000000e+00	0.000000e+00	0.000000e+00
0.000000e+00	0.000000e+00	0.000000e+00	0.000000e+00	0.000000e+00	0.000000e+00
0.000000e+00	0.000000e+00	0.000000e+00	0.000000e+00	0.000000e+00	0.000000e+00
0.000000e+00	0.000000e+00	0.000000e+00	0.000000e+00	0.000000e+00	0.000000e+00
0.000000e+00	0.000000e+00	0.000000e+00	0.000000e+00	0.000000e+00	0.000000e+00
0.000000e+00	0.000000e+00	0.000000e+00	0.000000e+00	0.000000e+00	0.000000e+00
0.000000e+00	0.000000e+00	0.000000e+00	0.000000e+00	0.000000e+00	0.000000e+00
0.000000e+00	0.000000e+00	0.000000e+00	0.000000e+00	0.000000e+00	0.000000e+00
0.000000e+00	0.000000e+00	0.000000e+00	0.000000e+00	0.000000e+00	0.000000e+00
0.000000e+00	0.000000e+00	0.000000e+00	0.000000e+00	0.000000e+00	0.000000e+00
0.000000e+00	0.000000e+00	0.000000e+00	0.000000e+00	0.000000e+00	0.000000e+00
0.000000e+00	0.000000e+00	0.000000e+00	0.000000e+00	0.000000e+00	0.000000e+00
0.000000e+00	0.000000e+00	0.000000e+00	0.000000e+00	0.000000e+00	0.000000e+00
0.000000e+00	0.000000e+00	0.000000e+00	0.000000e+00	0.000000e+00	0.000000e+00
0.000000e+00	0.000000e+00	0.000000e+00	0.000000e+00	0.000000e+00	0.000000e+00
0.000000e+00	0.000000e+00	0.000000e+00	0.000000e+00	0.000000e+00	0.000000e+00
0.000000e+00	0.000000e+00	0.000000e+00	0.000000e+00	0.000000e+00	0.000000e+00
0.000000e+00	0.000000e+00	0.000000e+00	0.000000e+00	0.000000e+00	0.000000e+00
0.000000e+00	0.000000e+00	0.000000e+00	0.000000e+00	0.000000e+00	0.000000e+00
0.000000e+00	0.000000e+00	0.000000e+00	0.000000e+00	0.000000e+00	0.000000e+00
0.000000e+00	0.000000e+00	0.000000e+00	0.000000e+00	0.000000e+00	0.000000e+00
0.000000e+00	0.000000e+00	0.000000e+00	0.000000e+00	0.000000e+00	0.000000e+00
0.000000e+00	0.000000e+00	0.000000e+00	0.000000e+00	0.000000e+00	0.000000e+00
0.000000e+00	0.000000e+00	0.000000e+00	0.000000e+00	0.000000e+00	0.000000e+00
0.000000e+00	0.000000e+00	0.000000e+00	0.000000e+00	0.000000e+00	0.000000e+00
0.000000e+00	0.000000e+00	0.000000e+00	0.000000e+00	0.000000e+00	0.000000e+00
0.000000e+00	0.000000e+00	0.000000e+00	0.000000e+00	0.000000e+00	0.000000e+00
0.000000e+00	0.000000e+00	0.000000e+00	0.000000e+00	0.000000e+00	0.000000e+00
0.000000e+00	0.000000e+00	0.000000e+00	0.000000e+00	0.000000e+00	0.000000e+00
0.000000e+00	0.000000e+00	0.000000e+00	0.000000e+00	0.000000e+00	0.000000e+00
0.000000e+00	0.000000e+00	0.000000e+00	0.000000e+00	0.000000e+00	0.000000e+00
0.000000e+00	0.000000e+00	0.000000e+00	0.000000e+00	0.000000e+00	0.000000e+00
0.000000e+00	0.000000e+00	0.000000e+00	0.000000e+00	0.000000e+00	0.000000e+00
0.000000e+00	0.000000e+00	0.000000e+00	0.000000e+00	0.000000e+00	0.000000e+00
0.000000e+00	0.000000e+00	0.000000e+00	0.000000e+00	0.000000e+00	0.000000e+00
0.000000e+00	0.000000e+00	0.000000e+00	0.000000e+00	0.000000e+00	0.000000e+00
0.000000e+00	0.000000e+00	0.000000e+00	0.000000e+00	0.000000e+00	0.000000e+00
0.000000e+00	0.000000e+00	0.000000e+00	0.000000e+00	0.000000e+00	0.000000e+00
0.000000e+00	0.000000e+00	0.000000e+00	0.000000e+00	0.000000e+00	0.000000e+00
0.000000e+00	0.000000e+00	0.000000e+00	0.000000e+00	0.000000e+00	0.000000e+00
0.000000e+00	0.000000e+00	0.000000e+00	0.000000e+00	0.000000e+00	0.000000e+00
0.000000e+00	0.000000e+00	0.000000e+00	0.000000e+00	0.000000e+00	0.000000e+00
0.000000e+00	0.000000e+00	0.000000e+00	0.000000e+00	0.000000e+00	0.000000e+00
0.000000e+00	0.000000e+00	0.000000e+00	0.000000e+00	0.000000e+00	0.000000e+00
0.000000e+00	0.000000e+00	0.000000e+00	0.000000e+00	0.000000e+00	0.000000e+00
0.000000e+00	0.000000e+00	0.000000e+00	0.000000e+00	0.000000e+00	0.000000e+00
0.000000e+00	0.000000e+00	0.000000e+00	0.000000e+00	0.000000e+00	0.000000e+00
0.000000e+00	0.000000e+00	0.000000e+00	0.000000e+00	0.000000e+00	0.000000e+00
0.000000e+00	0.000000e+00	0.000000e+00	0.000000e+00	0.000000e+00	0.000000e+00
0.000000e+00	0.000000e+00	0.000000e+00	0.000000e+00	0.000000e+00	0.000000e+00
0.000000e+00	0.000000e+00	0.000000e+00	0.000000e+00	0.000000e+00	0.000000e+00
0.000000e+00	0.000000e+00	0.000000e+00	0.000000e+00	0.000000e+00	0.000000e+00
0.000000e+00	0.000000e+00	0.000000e+00	0.000000e+00	0.000000e+00	0.000000e+00
0.000000e+00	0.000000e+00	0.000000e+00	0.000000e+00	0.000000e+00	0.000000e+00
0.000000e+00	0.000000e+00	0.000000e+00	0.000000e+00	0.000000e+00	0.000000e+00
0.000000e+00	0.000000e+00	0.000000e+00	0.000000e+00	0.000000e+00	0.000000e+00
0.000000e+00	0.000000e+00	0.000000e+00	0.000000e+00	0.000000e+00	0.000000e+00
0.000000e+00	0.000000e+00	0.000000e+00	0.000000e+00	0.000000e+00	0.000000e+00
0.000000e+00	0.000000e+00	0.000000e+00	0.000000e+00	0.000000e+00	0.000000e+00
0.000000e+00	0.000000e+00	0.000000e+00	0.000000e+00	0.000000e+00	0.000000e+00
0.000000e+00	0.000000e+00	0.000000e+00	0.000000e+00	0.000000e+00	0.000000e+00
0.000000e+00	0.000000e+00	0.000000e+00	0.000000e+00	0.000000e+00	0.000000e+00
0.000000e+00	0.000000e+00	0.000000e+00	0.000000e+00	0.000000e+00	0.000000e+00
0.000000e+00	0.000000e+00	0.000000e+00	0.000000e+00	0.000000e+00	0.000000e+00
0.000000e+00	0.000000e+00	0.000000e+00	0.000000e+00	0.000000e+00	0.000000e+00
0.000000e+00	0.000000e+00	0.000000e+00	0.000000e+00	0.000000e+00	0.000000e+00
0.000000e+00	0.000000e+00	0.000000e+00	0.000000e+00	0.000000e+00	0.000000e+00
0.000000e+00	0.000000e+00	0.000000e+00	0.000000e+00	0.000000e+00	0.000000e+00
0.000000e+00	0.000000e+00	0.000000e+00	0.000000e+00	0.000000e+00	0.000000e+00
0.000000e+00	0.000000e+00	0.000000e+00	0.000000e+00	0.000000e+00	0.000000e+00
0.000000e+00	0.000000e+00	0.000000e+00	0.000000e+00	0.000000e+00	0.000000e+00
0.000000e+00	0.000000e+00	0.000000e+00	0.000000e+00	0.000000e+00	0.000000e+00
0.000000e+00	0.000000e+00	0.000000e+00	0.000000e+00	0.000000e+00	0.000000e+00
0.000000e+00	0.000000e+00	0.000000e+00	0.000000e+00	0.000000e+00	0.000000e+00
0.000000e+00	0.000000e+00	0.000000e+00	0.000000e+00	0.000000e+00	0.000000e+00
0.000000e+00	0.000000e+00	0.000000e+00	0.000000e+00	0.000000e+00	0.000000e+00
0.000000e+00	0.000000e+00	0.000000e+00	0.000000e+00	0.000000e+00	0.000000e+00
0.000000e+00	0.000000e+00	0.000000e+00	0.000000e+00	0.000000e+00	0.000000e+00
0.000000e+00	0.000000e+00	0.000000e+00	0.000000e+00	0.000000e+00	0.000000e+00
0.000000e+00	0.000000e+00	0.000000e+00	0.000000e+00	0.000000e+00	0.000000e+00
0.000000e+00	0.000000e+00	0.000000e+00	0.000000e+00	0.000000e+00	0.000000e+00
0.000000e+00	0.000000e+00	0.000000e+00	0.000000e+00	0.000000e+00	0.000000e+00
0.000000e+00	0.000000e+00	0.000000e+00	0.000000e+00	0.000000e+00	0.000000e+00
0.000000e+00	0.000000e+00	0.000000e+00	0.000000e+00	0.000000e+00	0.000000e+00
0.000000e+00	0.000000e+00	0.000000e+00	0.000000e+00	0.000000e+00	0.000000e+00
0.000000e+00	0.000000e+00	0.000000e+00	0.000000e+00	0.000000e+00	0.000000e+00
0.000000e+00	0.000000e+00	0.000000e+00	0.000000e+00	0.000000e+00	0.000000e+00
0.000000e+00	0.000000e+00	0.000000e+00	0.000000e+00	0.000000e+00	0.000000e+00
0.000000e+00	0.000000e+00	0.000000e+00	0.000000e+00	0.000000e+00	0.000000e+00
0.000000e+00	0.000000e+00	0.000000e+00	0.000000e+00	0.000000e+00	0.000000e+00
0.000000e+00	0.000000e+00	0.000000e+00	0.000000e+00	0.000000e+00	0.000000e+00
0.000000e+00	0.000000e+00	0.000000e+00	0.000000e+00	0.000000e+00	0.000000e+00
0.000000e+00	0.000000e+00	0.000000e+00	0.000000e+00	0.000000e+00	0.000000e+00
0.000000e+00	0.000000e+00	0.000000e+00	0.000000e+00	0.000000e+00	0.000000e+00
0.000000e+00	0.000000e+00	0.000000e+00	0.000000e+00	0.000000e+00	0.000000e+00
0.000000e+00	0.000000e+00	0.000000e+00	0.000000e+00	0.000000e+00	0.000000e+00
0.000000e+00	0.000000e+00	0.000000e+00	0.000000e+00	0.000000e+00	0.000000e+00
0.000000e+00	0.000000e+00	0.000000e+00	0.000000e+00	0.000000e+00	0.000000e+00
0.000000e+00	0.000000e+00	0.000000e+00	0.000000e+00	0.000000e+00	0.000000e+00
0.000000e+00	0.000000e+00	0.000000e+00	0.000000e+00	0.000000e+00	0.000000e+00
0.000000e+00	0.000000e+00	0.000000e+00	0.000000e+00	0.000000e+00	0.000000e+00
0.000000e+00	0.000000e+00	0.000000e+00	0.000000e+00	0.000000e+00	0.000000e+00
0.000000e+00	0.000000e+00	0.000000e+00	0.000000e+00	0.000000e+00	0.000000e+00
0.000000e+00	0.000000e+00	0.000000e+00	0.000000e+00	0.000000e+00	0.000000e+00
0.000000e+00	0.000000e+00	0.000000e+00	0.000000e+00	0.000000e+00	0.000000e+00
0.000000e+00	0.000000e+00	0.000000e+00	0.000000e+00	0.000000e+00	0.000000e+00
0.000000e+00	0.000000e+00	0.000000e+00	0.000000e+00	0.000000e+00	0.000000e+00
0.000000e+00	0.000000e+00	0.000000e+00	0.000000e+00	0.000000e+00	0.000000e+00
0.000000e+00	0.000000e+00	0.000000e+00	0.000000e+00	0.000000e+00	0.000000e+00
0.000000e+00	0.000000e+00	0.000000e+00	0.000000e+00	0.000000e+00	0.000000e+00
0.000000e+00	0.000000e+00	0.000000e+00	0.000000e+00	0.000000e+00	0.000000e+00
0.000000e+00	0.000000e+00	0.000000e+00	0.000000e+00	0.000000e+00	0.000000e+00
0.000000e+00	0.000000e+00	0.000000e+00	0.000000e+00	0.000000e+00	0.000000e+00
0.000000e+00	0.000000e+00	0.000000e+00	0.000000e+00	0.000000e+00	0.000000e+00
0.000000e+00	0.000000e+00	0.000000e+00	0.000000e+00	0.000000e+00	0.000000e+00
0.000000e+00	0.000000e+00	0.000000e+00	0.000000e+00	0.000000e+00	0.000000e+00
0.000000e+00	0.000000e+00	0.000000e+00	0.000000e+00	0.000000e+00	0.000000e+00
0.000000e+00	0.000000e+00	0.000000e+00	0.000000e+00	0.000000e+00	0.000000e+00
0.000000e+00	0.000000e+00	0.000000e+00	0.000000e+00	0.000000e+00	0.000000e+00
0.000000e+00	0.000000e+00	0.000000e+00	0.000000e+00	0.000000e+00	0.000000e+00
0.000000e+00	0.000000e+00	0.000000e+00	0.000000e+00	0.000000e+00	0.000000e+00
0.000000e+00	0.000000e+00	0.000000e+00	0.000000e+00	0.000000e+00	0.000000e+00
0.000000e+00	0.000000e+00	0.000000e+00	0.000000e+00	0.000000e+00	0.000000e+00
0.000000e+00	0.000000e+00	0.000000e+00	0.000000e+00	0.000000e+00	0.000000e+00
0.000000e+00	0.000000e+00	0.000000e+00	0.000000e+00	0.000000e+00	0.000000e+00
0.000000e+00	0.000000e+00	0.000000e+00	0.000000e+00	0.000000e+00	0.000000e+00
0.000000e+00	0.000000e+00	0.000000e+00	0.000000e+00	0.000000e+00	0.000000e+00
0.000000e+00	0.000000e+00	0.000000e+00	0.000000e+00	0.000000e+00	0.000000e+00
0.000000e+00	0.000000e+00	0.000000e+00	0.000000e+00	0.000000e+00	0.000000e+00
0.000000e+00	0.000000e+00	0.000000e+00	0.000000e+00	0.000000e+00	0.000000e+00
0.000000e+00	0.000000e+00	0.000000e+00	0.000000e+00	0.000000e+00	0.000000e+00
0.000000e+00	0.000000e+00	0.000000e+00	0.000000e+00	0.000000e+00	0.000000e+00
0.000000e+00	0.000000e+00	0.000000e+00	0.000000e+00	0.000000e+00	0.000000e+00
0.000000e+00	0.000000e+00	0.000000e+00	0.000000e+00	0.000000e+00	0.000000e+00
0.000000e+00	0.000000e+00	0.000000e+00	0.000000e+00	0.000000e+00	0.000000e+00
0.000000e+00	0.000000e+00	0.000000e+00	0.000000e+00	0.000000e+00	0.000000e+00
0.000000e+00	0.000000e+00	0.000000e+00	0.000000e+00	0.000000e+00	0.000000e+00
0.000000e+00	0.000000e+00	0.000000e+00	0.000000e+00	0.000000e+00	0.000000e+00
0.000000e+00	0.000000e+00	0.000000e+00	0.000000e+00	0.000000e+00	0.000000e+00
0.000000e+00	0.000000e+00	0.000000e+00	0.000000e+00	0.000000e+00	0.000000e+00
0.000000e+00	0.000000e+00	0.000000e+00	0.000000e+00	0.000000e+00	0.000000e+00
0.000000e+00	0.000000e+00	0.000000e+00	0.000000e+00	0.000000e+00	0.000000e+00
0.000000e+00	0.000000e+00	0.000000e+00	0.000000e+00	0.000000e+00	0.000000e+00
0.000000e+00	0.000000e+00	0.000000e+00	0.000000e+00	0.000000e+00	0.000000e+00
0.000000e+00	0.000000e+00	0.000000e+00	0.000000e+00	0.000000e+00	0.000000e+00
0.000000e+00	0.000000e+00	0.000000e+00	0.000000e+00	0.000000e+00	0.000000e+00
0.000000e+00	0.000000e+00	0.000000e+00	0.000000e+00	0.000000e+00	0.000000e+00
0.000000e+00	0.000000e+00	0.000000e+00	0.000000e+00	0.000000e+00	0.000000e+00
0.000000e+00	0.000000e+00	0.000000e+00	0.000000e+00	0.000000e+00	0.000000e+00
0.000000e+00	0.000000e+00	0.000000e+00	0.000000e+00	0.000000e+00	0.000000e+00
0.000000e+00	0.000000e+00	0.000000e+00	0.000000e+00	0.000000e+00	0.000000e+00
0.000000e+00	0.000000e+00	0.000000e+00	0.000000e+00	0.000000e+00	0.000000e+00
0.000000e+00	0.000000e+00	0.000000e+00	0.000000e+00	0.000000e+00	0.000000e+00
0.000000e+00	0.000000e+00	0.000000e+00	0.000000e+00	0.000000e+00	0.000000e+00
0.000000e+00	0.000000e+00	0.000000e+00	0.000000e+00	0.000000e+00	0.000000e+00
0.000000e+00	0.000000e+00	0.000000e+00	0.000000e+00	0.000000e+00	0.000000e+00
0.000000e+00	0.000000e+00	0.000000e+00	0.000000e+00	0.000000e+00	0.000000e+00
0.000000e+00	0.000000e+00	0.000000e+00	0.000000e+00	0.000000e+00	0.000000e+00
0.000000e+00	0.000000e+00	0.000000e+00	0.000000e+00	0.000000e+00	0.000000e+00
0.000000e+00	0.000000e+00	0.000000e+00	0.000000e+00	0.000000e+00	0.000000e+00
0.000000e+00	0.000000e+00	0.000000e+00	0.000000e+00	0.000000e+00	0.000000e+00
0.000000e+00	0.000000e+00	0.000000e+00	0.000000e+00	0.000000e+00	0.000000e+00
0.000000e+00	0.000000e+00	0.000000e+00	0.000000e+00	0.000000e+00	0.000000e+00
0.000000e+00	0.000000e+00	0.000000e+00	0.000000e+00	0.000000e+00	0.000000e+00
0.000000e+00	0.000000e+00	0.000000e+00	0.000000e+00	0.000000e+00	0.000000e+00
0.000000e+00	0.000000e+00	0.000000e+00	0.000000e+00	0.000000e+00	0.000000e+00
0.000000e+00	0.000000e+00	0.000000e+00	0.000000e+00	0.000000e+00	0.000000e+00
0.000000e+00	0.000000e+00	0.000000e+00	0.000000e+00	0.000000e+00	0.000000e+00
0.000000e+00	0.000000e+00	0.000000e+00	0.000000e+00	0.000000e+00	0.000000e+00
0.000000e+00	0.000000e+00	0.000000e+00	0.000000e+00	0.000000e+00	0.000000e+00
0.000000e+00	0.000000e+00	0.000000e+00	0.000000e+00	0.000000e+00	0.000000e+00
0.000000e+00	0.000000e+00	0.000000e+00	0.000000e+00	0.000000e+00	0.000000e+00
0.000000e+00	0.000000e+00	0.000000e+00	0.000000e+00	0.000000e+00	0.000000e+00
0.000000e+00	0.000000e+00	0.000000e+00	0.000000e+00	0.000000e+00	0.000000e+00
0.000000e+00	0.000000e+00	0.000000e+00	0.000000e+00	0.000000e+00	0.000000e+00
0.000000e+00	0.000000e+00	0.000000e+00	0.000000e+00	0.000000e+00	0.000000e+00
0.000000e+00	0.000000e+00	0.000000e+00	0.000000e+00	0.000000e+00	0.000000e+00
0.000000e+00	0.000000e+00	0.000000e+00	0.000000e+00	0.000000e+00	0.000000e+00
0.000000e+00	0.000000e+00	0.000000e+00	0.000000e+00	0.000000e+00	0.000000e+00
0.000000e+00	0.000000e+00	0.000000e+00	0.000000e+00	0.000000e+00	0.000000e+00
0.000000e+00	0.000000e+00	0.000000e+00	0.000000e+00	0.000000e+00	0.000000e+00
0.000000e+00	0.000000e+00	0.000000e+00	0.000000e+00	0.000000e+00	0.000000e+00
0.000000e+00	0.000000e+00	0.000000e+00	0.000000e+00	0.000000e+00	0.000000e+00
0.000000e+00	0.000000e+00	0.000000e+00	0.000000e+00	0.000000e+00	0.000000e+00
0.000000e+00	0.000000e+00	0.000000e+00	0.000000e+00	0.000000e+00	0.000000e+00
0.000000e+00	0.000000e+00	0.000000e+00	0.000000e+00	0.000000e+00	0.000000e+00
0.000000e+00	0.000000e+00	0.000000e+00	0.000000e+00	0.000000e+00	0.000000e+00
0.000000e+00	0.000000e+00	0.000000e+00	0.000000e+00	0.000000e+00	0.000000e+00
0.000000e+00	0.000000e+00	0.000000e+00	0.000000e+00	0.000000e+00	0.000000e+00
0.000000e+00	0.000000e+00	0.000000e+00	0.000000e+00	0.000000e+00	0.000000e+00
0.000000e+00	0.000000e+00	0.000000e+00	0.000000e+00	0.000000e+00	0.000000e+00
0.000000e+00	2.651153e-24	0.000000e+00	0.000000e+00	1.217400e-16	0.000000e+00
5.021218e-04	2.683662e-05	5.328000e-08	5.541237e-03	2.429529e-04	4.814200e-07
1.266289e-03	6.759866e-05	1.151500e-07	1.182836e-02	5.260607e-04	8.937000e-07
2.174400e-03	1.159623e-04	1.670900e-07	1.850739e-02	8.303648e-04	1.191600e-06
3.189789e-03	1.699648e-04	2.036500e-07	2.546859e-02	1.149988e-03	1.369300e-06
4.292343e-03	2.285296e-04	2.228500e-07	3.265191e-02	1.481712e-03	1.431000e-06
5.468940e-03	2.909547e-04	2.246000e-07	4.001824e-02	1.823442e-03	1.386900e-06
6.710184e-03	3.567374e-04	2.099900e-07	4.753965e-02	2.173680e-03	1.250600e-06
8.008931e-03	4.254961e-04	1.810000e-07	5.519498e-02	2.531292e-03	1.038300e-06
9.359527e-03	4.969284e-04	1.402800e-07	6.296754e-02	2.895382e-03	7.686000e-07
1.075735e-02	5.707879e-04	9.100000e-08	7.084373e-02	3.265221e-03	4.611000e-07
1.219856e-02	6.468685e-04	3.700000e-08	7.881226e-02	3.640203e-03	2.092000e-07
1.367986e-02	7.249955e-04	3.100000e-08	8.686354e-02	4.019813e-03	1.902000e-07
1.519842e-02	8.050178e-04	6.910000e-08	9.498935e-02	4.403610e-03	4.674000e-07
1.675177e-02	8.868035e-04	1.119000e-07	1.031825e-01	4.791209e-03	7.010000e-07
1.833773e-02	9.702363e-04	1.413000e-07	1.114368e-01	5.182270e-03	8.530000e-07
1.995435e-02	1.055213e-03	1.525000e-07	1.197466e-01	5.576496e-03	9.030000e-07
2.159989e-02	1.141640e-03	1.459000e-07	1.281069e-01	5.973614e-03	8.540000e-07
2.327275e-02	1.229432e-03	1.253000e-07	1.365132e-01	6.373381e-03	7.310000e-07
2.497151e-02	1.318514e-03	9.470000e-08	1.449615e-01	6.775576e-03	5.580000e-07
2.669484e-02	1.408814e-03	5.890000e-08	1.534480e-01	7.179997e-03	3.600000e-07
2.844156e-02	1.500270e-03	3.460000e-08	1.619693e-01	7.586463e-03	1.740000e-07
3.021054e-02	1.592822e-03	1.970000e-08	1.705225e-01	7.994803e-03	9.200000e-08
3.200077e-02	1.686415e-03	3.540000e-08	1.791047e-01	8.404865e-03	1.470000e-07
3.381131e-02	1.780999e-03	7.440000e-08	1.877132e-01	8.816507e-03	4.020000e-07
3.564126e-02	1.876528e-03	1.177000e-07	1.963457e-01	9.229601e-03	6.250000e-07
3.748979e-02	1.972959e-03	1.189000e-07	2.049999e-01	9.644030e-03	6.250000e-07
3.935613e-02	2.070252e-03	1.198000e-07	2.136736e-01	1.005969e-02	5.730000e-07
4.123956e-02	2.168371e-03	1.214000e-07	2.223649e-01	1.047647e-02	5.770000e-07
4.313939e-02	2.267280e-03	2.572000e-07	2.310720e-01	1.089429e-02	1.318000e-06
4.505499e-02	2.366948e-03	3.114000e-07	2.397932e-01	1.131306e-02	1.584000e-06
4.698576e-02	2.467344e-03	1.662000e-07	2.485269e-01	1.173270e-02	8.290000e-07
4.893113e-02	2.568437e-03	2.678000e-07	2.572716e-01	1.215312e-02	1.387000e-06
5.089058e-02	2.670194e-03	8.247000e-07	2.660260e-01	1.257422e-02	4.200000e-06
5.286361e-02	2.772585e-03	1.143400e-06	2.747889e-01	1.299592e-02	5.780000e-06
5.484974e-02	2.875581e-03	8.446000e-07	2.835590e-01	1.341812e-02	4.229000e-06
5.684855e-02	2.979154e-03	4.636000e-07	2.923354e-01	1.384075e-02	2.385000e-06
5.885961e-02	3.083275e-03	2.723000e-06	3.011168e-01	1.426371e-02	1.370600e-05
6.088252e-02	3.187921e-03	4.669900e-06	3.099025e-01	1.468693e-02	2.335400e-05
6.291691e-02	3.293068e-03	4.808400e-06	3.186914e-01	1.511036e-02	2.388000e-05
6.496237e-02	3.398707e-03	1.633600e-06	3.274826e-01	1.553399e-02	7.896000e-06
6.701849e-02	3.504833e-03	6.281900e-06	3.362749e-01	1.595784e-02	3.151700e-05
6.908490e-02	3.611445e-03	1.919090e-05	3.450672e-01	1.638196e-02	9.536300e-05
7.116122e-02	3.718543e-03	3.656150e-05	3.538585e-01	1.680638e-02	1.807660e-04
7.324708e-02	3.826127e-03	5.782550e-05	3.626479e-01	1.723115e-02	2.847170e-04
7.534214e-02	3.934200e-03	8.239150e-05	3.714344e-01	1.765631e-02	4.041340e-04
7.744606e-02	4.042759e-03	1.096464e-04	3.802171e-01	1.808189e-02	5.358740e-04
7.955859e-02	4.151782e-03	1.390130e-04	3.889954e-01	1.850780e-02	6.770090e-04
8.167961e-02	4.261210e-03	1.700403e-04	3.977695e-01	1.893378e-02	8.252650e-04
8.380905e-02	4.370967e-03	2.022869e-04	4.065398e-01	1.935949e-02	9.784400e-04
8.594686e-02	4.480977e-03	2.352985e-04	4.153065e-01	1.978458e-02	1.134294e-03
8.809300e-02	4.591164e-03	2.686089e-04	4.240701e-01	2.020872e-02	1.290554e-03
9.024744e-02	4.701448e-03	3.017398e-04	4.328311e-01	2.063153e-02	1.444905e-03
9.241019e-02	4.811758e-03	3.342023e-04	4.415899e-01	2.105271e-02	1.595004e-03
9.458122e-02	4.922066e-03	3.654756e-04	4.503470e-01	2.147216e-02	1.738375e-03
9.676009e-02	5.032441e-03	3.945869e-04	4.591008e-01	2.189025e-02	1.870363e-03
9.894592e-02	5.143084e-03	4.201120e-04	4.678476e-01	2.230802e-02	1.984168e-03
1.011378e-01	5.254229e-03	4.405790e-04	4.765833e-01	2.272663e-02	2.072811e-03
1.033349e-01	5.366116e-03	4.544820e-04	4.853043e-01	2.314729e-02	2.129221e-03
1.055362e-01	5.478992e-03	4.602900e-04	4.940065e-01	2.357121e-02	2.146236e-03
1.077408e-01	5.593106e-03	4.564400e-04	5.026861e-01	2.399961e-02	2.116609e-03
1.099478e-01	5.708613e-03	4.413420e-04	5.113391e-01	2.443324e-02	2.033008e-03
1.121566e-01	5.825459e-03	4.137590e-04	5.199633e-01	2.487182e-02	1.889862e-03
1.143689e-01	5.943127e-03	3.747080e-04	5.285675e-01	2.531281e-02	1.692464e-03
1.165874e-01	6.060731e-03	3.260640e-04	5.371648e-01	2.575186e-02	1.450197e-03
1.188146e-01	6.177317e-03	2.697540e-04	5.457681e-01	2.618437e-02	1.172586e-03
1.210533e-01	6.291913e-03	2.077420e-04	5.543908e-01	2.660565e-02	8.692860e-04
1.233063e-01	6.403535e-03	1.420430e-04	5.630465e-01	2.701100e-02	5.500820e-04
1.255764e-01	6.511218e-03	7.470600e-05	5.717486e-01	2.739586e-02	2.248830e-04
1.278665e-01	6.614143e-03	1.944000e-05	5.805112e-01	2.775640e-02	9.642100e-05
1.301785e-01	6.711681e-03	7.162600e-05	5.893435e-01	2.808976e-02	4.064410e-04
1.325125e-01	6.803649e-03	1.402450e-04	5.982454e-01	2.839526e-02	7.048480e-04
1.348683e-01	6.890077e-03	2.248630e-04	6.072157e-01	2.867325e-02	1.072436e-03
1.372455e-01	6.971030e-03	3.250300e-04	6.162530e-01	2.892427e-02	1.545226e-03
1.396441e-01	7.046582e-03	4.402810e-04	6.253561e-01	2.914890e-02	2.087396e-03
1.420636e-01	7.116820e-03	5.701320e-04	6.345237e-01	2.934776e-02	2.696268e-03
1.445039e-01	7.181837e-03	7.141080e-04	6.437544e-01	2.952154e-02	3.369194e-03
1.469647e-01	7.241740e-03	8.722980e-04	6.530469e-01	2.967096e-02	4.106266e-03
1.494457e-01	7.296643e-03	1.045566e-03	6.623998e-01	2.979677e-02	4.911255e-03
1.519466e-01	7.346669e-03	1.234838e-03	6.718117e-01	2.989980e-02	5.788210e-03
1.544672e-01	7.391952e-03	1.441053e-03	6.812813e-01	2.998090e-02	6.741216e-03
1.570072e-01	7.432635e-03	1.665156e-03	6.908070e-01	3.004097e-02	7.774384e-03
1.595663e-01	7.468869e-03	1.908104e-03	7.003875e-01	3.008095e-02	8.891856e-03
1.621442e-01	7.500814e-03	2.170865e-03	7.100213e-01	3.010184e-02	1.009780e-02
1.647406e-01	7.528642e-03	2.454412e-03	7.197070e-01	3.010467e-02	1.139641e-02
1.673552e-01	7.552531e-03	2.759729e-03	7.294431e-01	3.009052e-02	1.279192e-02
1.699877e-01	7.572669e-03	3.087809e-03	7.392280e-01	3.006051e-02	1.428857e-02
1.726378e-01	7.589253e-03	3.439463e-03	7.490603e-01	3.001583e-02	1.588973e-02
1.753051e-01	7.602489e-03	3.812573e-03	7.589384e-01	2.995767e-02	1.758493e-02
1.779893e-01	7.612591e-03	4.202683e-03	7.688608e-01	2.988732e-02	1.935272e-02
1.806901e-01	7.619782e-03	4.605199e-03	7.788259e-01	2.980607e-02	2.117112e-02
1.834071e-01	7.624295e-03	5.015456e-03	7.888322e-01	2.971528e-02	2.301795e-02
1.861401e-01	7.626369e-03	5.428723e-03	7.988780e-01	2.961635e-02	2.487081e-02
1.888886e-01	7.626252e-03	5.840196e-03	8.089619e-01	2.951071e-02	2.670709e-02
1.916524e-01	7.624199e-03	6.245005e-03	8.190820e-01	2.939984e-02	2.850400e-02
1.944310e-01	7.620473e-03	6.638208e-03	8.292369e-01	2.928526e-02	3.023851e-02
1.972241e-01	7.615344e-03	7.014799e-03	8.394249e-01	2.916851e-02	3.188742e-02
2.000313e-01	7.609086e-03	7.369698e-03	8.496443e-01	2.905118e-02	3.342729e-02
2.028524e-01	7.601982e-03	7.698224e-03	8.598934e-01	2.893487e-02	3.483667e-02
2.056868e-01	7.594316e-03	7.999167e-03	8.701705e-01	2.882120e-02	3.611056e-02
2.085342e-01	7.586378e-03	8.272929e-03	8.804741e-01	2.871180e-02	3.725157e-02
2.113942e-01	7.578461e-03	8.519931e-03	8.908022e-01	2.860832e-02	3.826236e-02
2.142665e-01	7.570858e-03	8.740607e-03	9.011533e-01	2.851239e-02	3.914564e-02
2.171506e-01	7.563864e-03	8.935399e-03	9.115255e-01	2.842562e-02	3.990413e-02
2.200462e-01	7.557773e-03	9.104762e-03	9.219171e-01	2.834962e-02	4.054061e-02
2.229529e-01	7.552875e-03	9.249163e-03	9.323264e-01	2.828592e-02	4.105788e-02
2.258701e-01	7.549459e-03	9.369078e-03	9.427516e-01	2.823605e-02	4.145878e-02
2.287977e-01	7.547805e-03	9.464999e-03	9.531909e-01	2.820143e-02	4.174618e-02
2.317350e-01	7.548187e-03	9.537427e-03	9.636424e-01	2.818344e-02	4.192301e-02
2.346818e-01	7.550871e-03	9.586879e-03	9.741043e-01	2.818334e-02	4.199220e-02
2.376375e-01	7.556110e-03	9.613882e-03	9.845750e-01	2.820232e-02	4.195675e-02
2.406018e-01	7.564145e-03	9.618978e-03	9.950524e-01	2.824141e-02	4.181968e-02
2.435743e-01	7.575201e-03	9.602718e-03	1.005535e+00	2.830156e-02	4.158407e-02
2.465544e-01	7.589489e-03	9.565672e-03	1.016020e+00	2.838355e-02	4.125301e-02
2.495419e-01	7.607198e-03	9.508419e-03	1.026507e+00	2.848803e-02	4.082966e-02
2.525361e-01	7.628499e-03	9.431550e-03	1.036993e+00	2.861548e-02	4.031718e-02
2.555367e-01	7.653541e-03	9.335676e-03	1.047476e+00	2.876624e-02	3.971882e-02
2.585433e-01	7.682451e-03	9.221413e-03	1.057955e+00	2.894047e-02	3.903784e-02
2.615553e-01	7.715330e-03	9.089395e-03	1.068427e+00	2.913820e-02	3.827753e-02
2.645723e-01	7.752256e-03	8.940270e-03	1.078891e+00	2.935927e-02	3.744125e-02
2.675939e-01	7.793281e-03	8.774697e-03	1.089345e+00	2.960339e-02	3.653239e-02
2.706197e-01	7.838430e-03	8.593350e-03	1.099787e+00	2.987009e-02	3.555435e-02
2.736490e-01	7.887704e-03	8.396915e-03	1.110214e+00	3.015878e-02	3.451061e-02
2.766816e-01	7.941077e-03	8.186091e-03	1.120625e+00	3.046873e-02	3.340468e-02
2.797168e-01	7.998497e-03	7.961591e-03	1.131018e+00	3.079910e-02	3.224009e-02
2.827543e-01	8.059889e-03	7.724141e-03	1.141391e+00	3.114892e-02	3.102042e-02
2.857935e-01	8.125151e-03	7.474479e-03	1.151742e+00	3.151712e-02	2.974931e-02
2.888339e-01	8.194161e-03	7.213357e-03	1.162069e+00	3.190255e-02	2.843040e-02
2.918752e-01	8.266774e-03	6.941538e-03	1.172369e+00	3.230397e-02	2.706739e-02
2.949167e-01	8.342824e-03	6.659801e-03	1.182642e+00	3.272009e-02	2.566402e-02
2.979580e-01	8.422126e-03	6.368934e-03	1.192884e+00	3.314953e-02	2.422408e-02
3.009987e-01	8.504478e-03	6.069736e-03	1.203094e+00	3.359091e-02	2.275133e-02
3.040381e-01	8.589660e-03	5.763024e-03	1.213269e+00	3.404277e-02	2.124966e-02
3.070759e-01	8.677439e-03	5.449621e-03	1.223408e+00	3.450363e-02	1.972294e-02
3.101115e-01	8.767569e-03	5.130364e-03	1.233509e+00	3.497201e-02	1.817507e-02
3.131444e-01	8.859791e-03	4.806102e-03	1.243569e+00	3.544638e-02	1.661002e-02
3.161740e-01	8.953837e-03	4.477695e-03	1.253586e+00	3.592524e-02	1.503177e-02
3.192000e-01	9.049430e-03	4.146014e-03	1.263559e+00	3.640705e-02	1.344432e-02
3.222217e-01	9.146284e-03	3.811947e-03	1.273485e+00	3.689029e-02	1.185177e-02
3.252387e-01	9.244108e-03	3.476369e-03	1.283362e+00	3.737345e-02	1.025812e-02
3.282504e-01	9.342606e-03	3.140200e-03	1.293188e+00	3.785500e-02	8.667560e-03
3.312564e-01	9.441477e-03	2.804349e-03	1.302961e+00	3.833345e-02	7.084190e-03
3.342560e-01	9.540418e-03	2.469738e-03	1.312678e+00	3.880731e-02	5.512220e-03
3.372489e-01	9.639123e-03	2.137302e-03	1.322338e+00	3.927511e-02	3.955830e-03
3.402343e-01	9.737285e-03	1.807981e-03	1.331938e+00	3.973539e-02	2.419270e-03
3.432119e-01	9.834599e-03	1.482729e-03	1.341477e+00	4.018672e-02	9.067800e-04
3.461811e-01	9.930785e-03	1.162506e-03	1.350952e+00	4.062784e-02	5.773400e-04
3.491414e-01	1.002559e-02	8.482340e-04	1.360360e+00	4.105764e-02	2.028990e-03
3.520925e-01	1.011884e-02	5.402850e-04	1.369703e+00	4.147535e-02	3.446650e-03
3.550345e-01	1.021036e-02	2.386790e-04	1.378978e+00	4.188043e-02	4.830380e-03
3.579673e-01	1.030003e-02	5.657500e-05	1.388188e+00	4.227246e-02	6.180310e-03
3.608909e-01	1.038772e-02	3.454680e-04	1.397331e+00	4.265107e-02	7.496580e-03
3.638054e-01	1.047334e-02	6.279950e-04	1.406409e+00	4.301595e-02	8.779300e-03
3.667107e-01	1.055677e-02	9.041540e-04	1.415422e+00	4.336683e-02	1.002864e-02
3.696068e-01	1.063794e-02	1.173943e-03	1.424369e+00	4.370348e-02	1.124474e-02
3.724937e-01	1.071675e-02	1.437366e-03	1.433252e+00	4.402568e-02	1.242776e-02
3.753715e-01	1.079315e-02	1.694426e-03	1.442070e+00	4.433329e-02	1.357786e-02
3.782400e-01	1.086705e-02	1.945132e-03	1.450823e+00	4.462616e-02	1.469521e-02
3.810995e-01	1.093842e-02	2.189489e-03	1.459513e+00	4.490419e-02	1.578002e-02
3.839498e-01	1.100718e-02	2.427511e-03	1.468139e+00	4.516730e-02	1.683243e-02
3.867909e-01	1.107330e-02	2.659212e-03	1.476702e+00	4.541543e-02	1.785265e-02
3.896229e-01	1.113675e-02	2.884604e-03	1.485201e+00	4.564856e-02	1.884089e-02
3.924459e-01	1.119748e-02	3.103705e-03	1.493638e+00	4.586667e-02	1.979735e-02
3.952598e-01	1.125547e-02	3.316535e-03	1.502012e+00	4.606977e-02	2.072222e-02
3.980646e-01	1.131070e-02	3.523116e-03	1.510325e+00	4.625789e-02	2.161573e-02
4.008604e-01	1.136314e-02	3.723469e-03	1.518576e+00	4.643107e-02	2.247811e-02
4.036472e-01	1.141279e-02	3.917618e-03	1.526765e+00	4.658938e-02	2.330956e-02
4.064251e-01	1.145963e-02	4.105591e-03	1.534894e+00	4.673290e-02	2.411033e-02
4.091940e-01	1.150366e-02	4.287416e-03	1.542962e+00	4.686171e-02	2.488066e-02
4.119541e-01	1.154488e-02	4.463121e-03	1.550970e+00	4.697592e-02	2.562077e-02
4.147053e-01	1.158328e-02	4.632739e-03	1.558917e+00	4.707566e-02	2.633093e-02
4.174477e-01	1.161888e-02	4.796303e-03	1.566806e+00	4.716104e-02	2.701138e-02
4.201813e-01	1.165168e-02	4.953847e-03	1.574636e+00	4.723221e-02	2.766237e-02
4.229062e-01	1.168169e-02	5.105406e-03	1.582406e+00	4.728933e-02	2.828417e-02
4.256224e-01	1.170893e-02	5.251019e-03	1.590119e+00	4.733257e-02	2.887704e-02
4.283300e-01	1.173342e-02	5.390724e-03	1.597774e+00	4.736208e-02	2.944125e-02
4.310290e-01	1.175516e-02	5.524561e-03	1.605372e+00	4.737807e-02	2.997708e-02
4.337194e-01	1.177420e-02	5.652573e-03	1.612912e+00	4.738072e-02	3.048478e-02
4.364014e-01	1.179054e-02	5.774802e-03	1.620396e+00	4.737023e-02	3.096466e-02
4.390750e-01	1.180422e-02	5.891291e-03	1.627824e+00	4.734681e-02	3.141700e-02
4.417402e-01	1.181527e-02	6.002089e-03	1.635197e+00	4.731069e-02	3.184209e-02
4.443971e-01	1.182371e-02	6.107241e-03	1.642514e+00	4.726208e-02	3.224022e-02
4.470457e-01	1.182959e-02	6.206794e-03	1.649776e+00	4.720123e-02	3.261167e-02
4.496862e-01	1.183293e-02	6.300799e-03	1.656985e+00	4.712838e-02	3.295676e-02
4.523186e-01	1.183377e-02	6.389305e-03	1.664139e+00	4.704376e-02	3.327579e-02
4.549428e-01	1.183216e-02	6.472364e-03	1.671240e+00	4.694765e-02	3.356906e-02
4.575592e-01	1.182813e-02	6.550031e-03	1.678288e+00	4.684030e-02	3.383689e-02
4.601675e-01	1.182172e-02	6.622355e-03	1.685284e+00	4.672199e-02	3.407958e-02
4.627681e-01	1.181299e-02	6.689395e-03	1.692228e+00	4.659298e-02	3.429746e-02
4.653609e-01	1.180197e-02	6.751206e-03	1.699120e+00	4.645356e-02	3.449084e-02
4.679459e-01	1.178871e-02	6.807843e-03	1.705962e+00	4.630402e-02	3.466005e-02
4.705234e-01	1.177326e-02	6.859364e-03	1.712753e+00	4.614465e-02	3.480541e-02
4.730933e-01	1.175567e-02	6.905831e-03	1.719494e+00	4.597576e-02	3.492725e-02
4.756557e-01	1.173599e-02	6.947300e-03	1.726186e+00	4.579764e-02	3.502591e-02
4.782107e-01	1.171427e-02	6.983833e-03	1.732829e+00	4.561062e-02	3.510171e-02
4.807584e-01	1.169057e-02	7.015494e-03	1.739424e+00	4.541500e-02	3.515499e-02
4.832989e-01	1.166494e-02	7.042342e-03	1.745970e+00	4.521112e-02	3.518611e-02
4.858323e-01	1.163745e-02	7.064442e-03	1.752469e+00	4.499929e-02	3.519538e-02
4.883586e-01	1.160813e-02	7.081857e-03	1.758922e+00	4.477986e-02	3.518316e-02
4.908779e-01	1.157706e-02	7.094653e-03	1.765328e+00	4.455316e-02	3.514981e-02
4.933903e-01	1.154429e-02	7.102897e-03	1.771688e+00	4.431953e-02	3.509566e-02
4.958959e-01	1.150989e-02	7.106653e-03	1.778004e+00	4.407933e-02	3.502107e-02
4.983949e-01	1.147391e-02	7.105991e-03	1.784274e+00	4.383290e-02	3.492639e-02
5.008872e-01	1.143641e-02	7.100977e-03	1.790501e+00	4.358061e-02	3.481198e-02
5.033730e-01	1.139747e-02	7.091681e-03	1.796683e+00	4.332282e-02	3.467820e-02
5.058523e-01	1.135713e-02	7.078170e-03	1.802823e+00	4.305989e-02	3.452541e-02
5.083254e-01	1.131548e-02	7.060521e-03	1.808920e+00	4.279220e-02	3.435397e-02
5.107922e-01	1.127256e-02	7.038799e-03	1.814976e+00	4.252012e-02	3.416425e-02
5.132528e-01	1.122845e-02	7.013077e-03	1.820990e+00	4.224403e-02	3.395662e-02
5.157074e-01	1.118322e-02	6.983429e-03	1.826963e+00	4.196431e-02	3.373145e-02
5.181561e-01	1.113693e-02	6.949926e-03	1.832896e+00	4.168136e-02	3.348910e-02
5.205990e-01	1.108964e-02	6.912642e-03	1.838790e+00	4.139556e-02	3.322994e-02
5.230361e-01	1.104143e-02	6.871652e-03	1.844644e+00	4.110730e-02	3.295437e-02
5.254675e-01	1.099237e-02	6.827032e-03	1.850460e+00	4.081698e-02	3.266274e-02
5.278935e-01	1.094252e-02	6.778854e-03	1.856238e+00	4.052500e-02	3.235545e-02
5.303140e-01	1.089195e-02	6.727197e-03	1.861979e+00	4.023175e-02	3.203285e-02
5.327293e-01	1.084073e-02	6.672138e-03	1.867683e+00	3.993765e-02	3.169536e-02
5.351393e-01	1.078893e-02	6.613752e-03	1.873351e+00	3.964308e-02	3.134334e-02
5.375442e-01	1.073661e-02	6.552118e-03	1.878984e+00	3.934846e-02	3.097718e-02
5.399441e-01	1.068386e-02	6.487315e-03	1.884582e+00	3.905419e-02	3.059727e-02
5.423392e-01	1.063073e-02	6.419420e-03	1.890145e+00	3.876067e-02	3.020400e-02
5.447295e-01	1.057729e-02	6.348514e-03	1.895675e+00	3.846831e-02	2.979776e-02
5.471151e-01	1.052361e-02	6.274676e-03	1.901171e+00	3.817750e-02	2.937893e-02
5.494963e-01	1.046977e-02	6.197987e-03	1.906636e+00	3.788865e-02	2.894792e-02
5.518729e-01	1.041582e-02	6.118528e-03	1.912068e+00	3.760214e-02	2.850512e-02
5.542453e-01	1.036184e-02	6.036378e-03	1.917469e+00	3.731838e-02	2.805092e-02
5.566135e-01	1.030789e-02	5.951623e-03	1.922840e+00	3.703775e-02	2.758571e-02
5.589777e-01	1.025403e-02	5.864342e-03	1.928180e+00	3.676062e-02	2.710991e-02
5.613379e-01	1.020034e-02	5.774619e-03	1.933491e+00	3.648739e-02	2.662392e-02
5.636942e-01	1.014686e-02	5.682537e-03	1.938774e+00	3.621841e-02	2.612813e-02
5.660469e-01	1.009367e-02	5.588180e-03	1.944028e+00	3.595404e-02	2.562293e-02
5.683959e-01	1.004083e-02	5.491631e-03	1.949255e+00	3.569464e-02	2.510875e-02
5.707415e-01	9.988390e-03	5.392975e-03	1.954456e+00	3.544054e-02	2.458600e-02
5.730838e-01	9.936415e-03	5.292299e-03	1.959630e+00	3.519207e-02	2.405505e-02
5.754228e-01	9.884958e-03	5.189686e-03	1.964778e+00	3.494955e-02	2.351634e-02
5.777588e-01	9.834076e-03	5.085221e-03	1.969902e+00	3.471328e-02	2.297027e-02
5.800918e-01	9.783819e-03	4.978992e-03	1.975001e+00	3.448354e-02	2.241726e-02
5.824219e-01	9.734239e-03	4.871086e-03	1.980077e+00	3.426061e-02	2.185770e-02
5.847493e-01	9.685383e-03	4.761588e-03	1.985130e+00	3.404473e-02	2.129203e-02
5.870742e-01	9.637297e-03	4.650587e-03	1.990161e+00	3.383613e-02	2.072063e-02
5.893966e-01	9.590026e-03	4.538170e-03	1.995171e+00	3.363504e-02	2.014395e-02
5.917167e-01	9.543609e-03	4.424424e-03	2.000159e+00	3.344163e-02	1.956239e-02
5.940346e-01	9.498085e-03	4.309439e-03	2.005127e+00	3.325608e-02	1.897636e-02
5.963505e-01	9.453489e-03	4.193304e-03	2.010075e+00	3.307854e-02	1.838630e-02
5.986644e-01	9.409855e-03	4.076108e-03	2.015005e+00	3.290913e-02	1.779262e-02
6.009765e-01	9.367210e-03	3.957939e-03	2.019916e+00	3.274794e-02	1.719573e-02
6.032870e-01	9.325581e-03	3.838889e-03	2.024810e+00	3.259504e-02	1.659607e-02
6.055960e-01	9.284992e-03	3.719046e-03	2.029687e+00	3.245049e-02	1.599404e-02
6.079035e-01	9.245461e-03	3.598503e-03	2.034548e+00	3.231429e-02	1.539009e-02
6.102099e-01	9.207005e-03	3.477350e-03	2.039393e+00	3.218644e-02	1.478462e-02
6.125151e-01	9.169637e-03	3.355678e-03	2.044223e+00	3.206689e-02	1.417808e-02
6.148193e-01	9.133366e-03	3.233578e-03	2.049040e+00	3.195560e-02	1.357088e-02
6.171228e-01	9.098196e-03	3.111145e-03	2.053842e+00	3.185245e-02	1.296345e-02
6.194255e-01	9.064131e-03	2.988467e-03	2.058632e+00	3.175734e-02	1.235623e-02
6.217277e-01	9.031167e-03	2.865638e-03	2.063410e+00	3.167011e-02	1.174964e-02
6.240295e-01	8.999300e-03	2.742754e-03	2.068177e+00	3.159058e-02	1.114412e-02
6.263310e-01	8.968520e-03	2.619904e-03	2.072933e+00	3.151857e-02	1.054008e-02
6.286324e-01	8.938814e-03	2.497185e-03	2.077679e+00	3.145383e-02	9.937970e-03
6.309338e-01	8.910165e-03	2.374690e-03	2.082415e+00	3.139612e-02	9.338240e-03
6.332354e-01	8.882553e-03	2.252511e-03	2.087143e+00	3.134516e-02	8.741300e-03
6.355373e-01	8.855954e-03	2.130746e-03	2.091863e+00	3.130066e-02	8.147600e-03
6.378396e-01	8.830341e-03	2.009488e-03	2.096577e+00	3.126229e-02	7.557560e-03
6.401426e-01	8.805681e-03	1.888832e-03	2.101283e+00	3.122971e-02	6.971630e-03
6.424463e-01	8.781942e-03	1.768876e-03	2.105984e+00	3.120255e-02	6.390260e-03
6.447509e-01	8.759085e-03	1.649713e-03	2.110680e+00	3.118045e-02	5.813870e-03
6.470566e-01	8.737069e-03	1.531441e-03	2.115372e+00	3.116301e-02	5.242900e-03
6.493635e-01	8.715851e-03	1.414155e-03	2.120060e+00	3.114981e-02	4.677810e-03
6.516717e-01	8.695384e-03	1.297954e-03	2.124745e+00	3.114043e-02	4.119040e-03
6.539814e-01	8.675618e-03	1.182934e-03	2.129428e+00	3.113444e-02	3.567020e-03
6.562928e-01	8.656501e-03	1.069193e-03	2.134110e+00	3.113138e-02	3.022210e-03
6.586060e-01	8.637978e-03	9.568280e-04	2.138791e+00	3.113081e-02	2.485040e-03
6.609211e-01	8.619994e-03	8.459400e-04	2.143472e+00	3.113225e-02	1.955970e-03
6.632384e-01	8.602488e-03	7.366240e-04	2.148154e+00	3.113524e-02	1.435430e-03
6.655579e-01	8.585399e-03	6.289810e-04	2.152838e+00	3.113930e-02	9.239000e-04
6.678799e-01	8.568668e-03	5.231100e-04	2.157524e+00	3.114396e-02	4.218000e-04
6.702044e-01	8.552237e-03	4.191090e-04	2.162213e+00	3.114880e-02	7.040000e-05
6.725317e-01	8.536056e-03	3.170790e-04	2.166905e+00	3.115344e-02	5.522700e-04
6.748618e-01	8.520081e-03	2.170720e-04	2.171602e+00	3.115759e-02	1.023550e-03
6.771948e-01	8.504278e-03	1.190830e-04	2.176304e+00	3.116102e-02	1.484320e-03
6.795306e-01	8.488600e-03	2.310200e-05	2.181009e+00	3.116348e-02	1.934640e-03
6.818693e-01	8.473006e-03	7.088000e-05	2.185719e+00	3.116473e-02	2.374550e-03
6.842110e-01	8.457456e-03	1.628740e-04	2.190434e+00	3.116457e-02	2.804150e-03
6.865556e-01	8.441912e-03	2.528890e-04	2.195154e+00	3.116280e-02	3.223480e-03
6.889032e-01	8.426338e-03	3.409350e-04	2.199878e+00	3.115923e-02	3.632620e-03
6.912537e-01	8.410702e-03	4.270210e-04	2.204607e+00	3.115370e-02	4.031630e-03
6.936072e-01	8.394973e-03	5.111580e-04	2.209342e+00	3.114608e-02	4.420580e-03
6.959638e-01	8.379123e-03	5.933550e-04	2.214081e+00	3.113621e-02	4.799540e-03
6.983234e-01	8.363126e-03	6.736240e-04	2.218825e+00	3.112400e-02	5.168570e-03
7.006860e-01	8.346960e-03	7.519740e-04	2.223575e+00	3.110934e-02	5.527740e-03
7.030517e-01	8.330601e-03	8.284150e-04	2.228330e+00	3.109215e-02	5.877120e-03
7.054206e-01	8.314033e-03	9.029580e-04	2.233091e+00	3.107235e-02	6.216780e-03
7.077925e-01	8.297238e-03	9.756140e-04	2.237857e+00	3.104989e-02	6.546770e-03
7.101676e-01	8.280201e-03	1.046391e-03	2.242629e+00	3.102472e-02	6.867180e-03
7.125459e-01	8.262911e-03	1.115303e-03	2.247407e+00	3.099682e-02	7.178080e-03
7.149273e-01	8.245356e-03	1.182359e-03	2.252190e+00	3.096616e-02	7.479520e-03
7.173119e-01	8.227530e-03	1.247569e-03	2.256980e+00	3.093273e-02	7.771580e-03
7.196998e-01	8.209425e-03	1.310946e-03	2.261775e+00	3.089654e-02	8.054330e-03
7.220909e-01	8.191038e-03	1.372498e-03	2.266577e+00	3.085762e-02	8.327850e-03
7.244853e-01	8.172366e-03	1.432239e-03	2.271385e+00	3.081597e-02	8.592180e-03
7.268830e-01	8.153409e-03	1.490178e-03	2.276199e+00	3.077165e-02	8.847410e-03
7.292839e-01	8.134168e-03	1.546328e-03	2.281020e+00	3.072470e-02	9.093610e-03
7.316883e-01	8.114647e-03	1.600699e-03	2.285847e+00	3.067517e-02	9.330850e-03
7.340959e-01	8.094852e-03	1.653302e-03	2.290681e+00	3.062314e-02	9.559200e-03
7.365070e-01	8.074788e-03	1.704148e-03	2.295522e+00	3.056868e-02	9.778720e-03
7.389214e-01	8.054466e-03	1.753250e-03	2.300369e+00	3.051189e-02	9.989510e-03
7.413393e-01	8.033894e-03	1.800619e-03	2.305224e+00	3.045284e-02	1.019161e-02
7.437606e-01	8.013087e-03	1.846267e-03	2.310085e+00	3.039166e-02	1.038510e-02
7.461853e-01	7.992056e-03	1.890204e-03	2.314954e+00	3.032845e-02	1.057006e-02
7.486136e-01	7.970818e-03	1.932444e-03	2.319830e+00	3.026333e-02	1.074656e-02
7.510454e-01	7.949389e-03	1.972997e-03	2.324713e+00	3.019644e-02	1.091466e-02
7.534807e-01	7.927788e-03	2.011876e-03	2.329604e+00	3.012791e-02	1.107446e-02
7.559195e-01	7.906035e-03	2.049093e-03	2.334502e+00	3.005788e-02	1.122600e-02
7.583619e-01	7.884151e-03	2.084660e-03	2.339408e+00	2.998651e-02	1.136937e-02
7.608079e-01	7.862160e-03	2.118588e-03	2.344321e+00	2.991395e-02	1.150465e-02
7.632576e-01	7.840086e-03	2.150891e-03	2.349243e+00	2.984038e-02	1.163190e-02
7.657109e-01	7.817953e-03	2.181580e-03	2.354172e+00	2.976596e-02	1.175119e-02
7.681678e-01	7.795790e-03	2.210667e-03	2.359109e+00	2.969088e-02	1.186261e-02
7.706284e-01	7.773625e-03	2.238167e-03	2.364055e+00	2.961531e-02	1.196623e-02
7.730928e-01	7.751487e-03	2.264090e-03	2.369009e+00	2.953946e-02	1.206212e-02
7.755609e-01	7.729406e-03	2.288450e-03	2.373971e+00	2.946352e-02	1.215035e-02
7.780327e-01	7.707416e-03	2.311259e-03	2.378942e+00	2.938768e-02	1.223101e-02
7.805084e-01	7.685548e-03	2.332529e-03	2.383921e+00	2.931217e-02	1.230415e-02
7.829878e-01	7.663839e-03	2.352275e-03	2.388909e+00	2.923719e-02	1.236986e-02
7.854710e-01	7.642321e-03	2.370508e-03	2.393905e+00	2.916295e-02	1.242823e-02
7.879582e-01	7.621032e-03	2.387242e-03	2.398911e+00	2.908968e-02	1.247932e-02
7.904491e-01	7.600009e-03	2.402490e-03	2.403926e+00	2.901761e-02	1.252320e-02
7.929440e-01	7.579290e-03	2.416264e-03	2.408949e+00	2.894696e-02	1.255996e-02
7.954428e-01	7.558913e-03	2.428579e-03	2.413982e+00	2.887796e-02	1.258966e-02
7.979456e-01	7.538919e-03	2.439447e-03	2.419024e+00	2.881085e-02	1.261240e-02
8.004523e-01	7.519347e-03	2.448883e-03	2.424076e+00	2.874587e-02	1.262823e-02
8.029630e-01	7.500238e-03	2.456898e-03	2.429137e+00	2.868324e-02	1.263725e-02
8.054778e-01	7.481635e-03	2.463508e-03	2.434207e+00	2.862321e-02	1.263952e-02
8.079966e-01	7.463578e-03	2.468724e-03	2.439288e+00	2.856602e-02	1.263514e-02
8.105194e-01	7.446110e-03	2.472562e-03	2.444378e+00	2.851191e-02	1.262416e-02
8.130464e-01	7.429273e-03	2.475035e-03	2.449478e+00	2.846112e-02	1.260667e-02
8.155774e-01	7.413112e-03	2.476156e-03	2.454588e+00	2.841388e-02	1.258276e-02
8.181126e-01	7.397667e-03	2.475940e-03	2.459709e+00	2.837043e-02	1.255249e-02
8.206520e-01	7.382984e-03	2.474401e-03	2.464839e+00	2.833100e-02	1.251595e-02
8.231956e-01	7.369104e-03	2.471552e-03	2.469980e+00	2.829583e-02	1.247322e-02
8.257434e-01	7.356070e-03	2.467408e-03	2.475132e+00	2.826514e-02	1.242438e-02
8.282954e-01	7.343925e-03	2.461984e-03	2.480294e+00	2.823916e-02	1.236949e-02
8.308517e-01	7.332711e-03	2.455293e-03	2.485467e+00	2.821810e-02	1.230865e-02
8.334122e-01	7.322471e-03	2.447350e-03	2.490650e+00	2.820217e-02	1.224194e-02
8.359771e-01	7.313244e-03	2.438168e-03	2.495845e+00	2.819159e-02	1.216942e-02
8.385463e-01	7.305072e-03	2.427765e-03	2.501050e+00	2.818655e-02	1.209120e-02
8.411199e-01	7.297995e-03	2.416151e-03	2.506267e+00	2.818724e-02	1.200733e-02
8.436979e-01	7.292051e-03	2.403344e-03	2.511495e+00	2.819385e-02	1.191792e-02
8.462803e-01	7.287277e-03	2.389358e-03	2.516734e+00	2.820655e-02	1.182302e-02
8.488672e-01	7.283712e-03	2.374207e-03	2.521985e+00	2.822550e-02	1.172274e-02
8.514585e-01	7.281389e-03	2.357907e-03	2.527247e+00	2.825087e-02	1.161714e-02
8.540543e-01	7.280344e-03	2.340473e-03	2.532521e+00	2.828279e-02	1.150633e-02
8.566546e-01	7.280608e-03	2.321919e-03	2.537807e+00	2.832140e-02	1.139036e-02
8.592595e-01	7.282214e-03	2.302261e-03	2.543105e+00	2.836683e-02	1.126932e-02
8.618690e-01	7.285189e-03	2.281514e-03	2.548414e+00	2.841917e-02	1.114330e-02
8.644830e-01	7.289563e-03	2.259693e-03	2.553736e+00	2.847853e-02	1.101239e-02
8.671017e-01	7.295361e-03	2.236814e-03	2.559070e+00	2.854500e-02	1.087666e-02
8.697250e-01	7.302606e-03	2.212893e-03	2.564417e+00	2.861864e-02	1.073619e-02
8.723530e-01	7.311321e-03	2.187943e-03	2.569776e+00	2.869951e-02	1.059108e-02
8.749857e-01	7.321525e-03	2.161983e-03	2.575147e+00	2.878766e-02	1.044139e-02
8.776232e-01	7.333236e-03	2.135026e-03	2.580531e+00	2.888312e-02	1.028722e-02
8.802654e-01	7.346470e-03	2.107089e-03	2.585929e+00	2.898592e-02	1.012865e-02
8.829123e-01	7.361239e-03	2.078188e-03	2.591338e+00	2.909604e-02	9.965770e-03
8.855641e-01	7.377555e-03	2.048338e-03	2.596762e+00	2.921349e-02	9.798660e-03
8.882208e-01	7.395426e-03	2.017556e-03	2.602198e+00	2.933824e-02	9.627410e-03
8.908822e-01	7.414859e-03	1.985858e-03	2.607647e+00	2.947026e-02	9.452090e-03
8.935486e-01	7.435856e-03	1.953259e-03	2.613110e+00	2.960951e-02	9.272800e-03
8.962199e-01	7.458420e-03	1.919776e-03	2.618586e+00	2.975591e-02	9.089620e-03
8.988962e-01	7.482550e-03	1.885425e-03	2.624076e+00	2.990939e-02	8.902630e-03
9.015774e-01	7.508242e-03	1.850224e-03	2.629580e+00	3.006989e-02	8.711930e-03
9.042636e-01	7.535490e-03	1.814187e-03	2.635097e+00	3.023728e-02	8.517590e-03
9.069549e-01	7.564287e-03	1.777333e-03	2.640629e+00	3.041148e-02	8.319710e-03
9.096512e-01	7.594622e-03	1.739676e-03	2.646175e+00	3.059236e-02	8.118380e-03
9.123526e-01	7.626482e-03	1.701235e-03	2.651734e+00	3.077979e-02	7.913660e-03
9.150591e-01	7.659853e-03	1.662027e-03	2.657308e+00	3.097364e-02	7.705660e-03
9.177707e-01	7.694718e-03	1.622066e-03	2.662897e+00	3.117375e-02	7.494460e-03
9.204875e-01	7.731058e-03	1.581372e-03	2.668500e+00	3.137998e-02	7.280160e-03
9.232095e-01	7.768851e-03	1.539959e-03	2.674118e+00	3.159216e-02	7.062830e-03
9.259367e-01	7.808073e-03	1.497847e-03	2.679750e+00	3.181012e-02	6.842560e-03
9.286692e-01	7.848702e-03	1.455053e-03	2.685398e+00	3.203368e-02	6.619450e-03
9.314070e-01	7.890708e-03	1.411592e-03	2.691060e+00	3.226265e-02	6.393590e-03
9.341500e-01	7.934064e-03	1.367483e-03	2.696738e+00	3.249685e-02	6.165060e-03
9.368984e-01	7.978740e-03	1.322743e-03	2.702431e+00	3.273607e-02	5.933940e-03
9.396522e-01	8.024703e-03	1.277390e-03	2.708139e+00	3.298013e-02	5.700340e-03
9.424114e-01	8.071920e-03	1.231440e-03	2.713863e+00	3.322880e-02	5.464330e-03
9.451759e-01	8.120357e-03	1.184912e-03	2.719602e+00	3.348188e-02	5.226020e-03
9.479460e-01	8.169976e-03	1.137825e-03	2.725357e+00	3.373916e-02	4.985480e-03
9.507215e-01	8.220742e-03	1.090196e-03	2.731129e+00	3.400042e-02	4.742800e-03
9.535025e-01	8.272614e-03	1.042039e-03	2.736916e+00	3.426543e-02	4.498090e-03
9.562891e-01	8.325553e-03	9.933780e-04	2.742719e+00	3.453399e-02	4.251430e-03
9.590812e-01	8.379520e-03	9.442280e-04	2.748538e+00	3.480585e-02	4.002910e-03
9.618789e-01	8.434472e-03	8.946060e-04	2.754374e+00	3.508080e-02	3.752620e-03
9.646823e-01	8.490366e-03	8.445330e-04	2.760226e+00	3.535861e-02	3.500660e-03
9.674913e-01	8.547159e-03	7.940250e-04	2.766095e+00	3.563905e-02	3.247100e-03
9.703060e-01	8.604809e-03	7.431030e-04	2.771980e+00	3.592189e-02	2.992070e-03
9.731264e-01	8.663268e-03	6.917820e-04	2.777882e+00	3.620689e-02	2.735620e-03
9.759526e-01	8.722494e-03	6.400830e-04	2.783802e+00	3.649383e-02	2.477860e-03
9.787845e-01	8.782439e-03	5.880250e-04	2.789738e+00	3.678248e-02	2.218900e-03
9.816223e-01	8.843059e-03	5.356250e-04	2.795692e+00	3.707261e-02	1.958810e-03
9.844658e-01	8.904306e-03	4.829020e-04	2.801663e+00	3.736398e-02	1.697680e-03
9.873153e-01	8.966133e-03	4.298760e-04	2.807651e+00	3.765636e-02	1.435620e-03
9.901706e-01	9.028493e-03	3.765660e-04	2.813657e+00	3.794953e-02	1.172730e-03
9.930319e-01	9.091340e-03	3.229890e-04	2.819681e+00	3.824325e-02	9.090700e-04
9.958991e-01	9.154626e-03	2.691670e-04	2.825722e+00	3.853730e-02	6.447700e-04
9.987723e-01	9.218301e-03	2.151170e-04	2.831782e+00	3.883145e-02	3.799000e-04
1.001652e+00	9.282320e-03	1.608600e-04	2.837859e+00	3.912547e-02	1.145700e-04
1.004537e+00	9.346633e-03	1.064100e-04	2.843955e+00	3.941914e-02	1.511300e-04
1.007428e+00	9.411194e-03	5.180000e-05	2.850069e+00	3.971223e-02	4.171200e-04
1.010326e+00	9.475954e-03	2.387000e-05	2.856202e+00	4.000452e-02	6.832800e-04
1.013229e+00	9.540866e-03	5.787000e-05	2.862353e+00	4.029579e-02	9.495200e-04
1.016139e+00	9.605880e-03	1.128700e-04	2.868523e+00	4.058582e-02	1.215760e-03
1.019055e+00	9.670950e-03	1.679700e-04	2.874711e+00	4.087439e-02	1.481890e-03
1.021977e+00	9.736028e-03	2.231400e-04	2.880919e+00	4.116129e-02	1.747820e-03
1.024906e+00	9.801067e-03	2.783500e-04	2.887146e+00	4.144629e-02	2.013450e-03
1.027840e+00	9.866018e-03	3.336000e-04	2.893392e+00	4.172919e-02	2.278690e-03
1.030781e+00	9.930835e-03	3.888600e-04	2.899657e+00	4.200976e-02	2.543430e-03
1.033729e+00	9.995472e-03	4.441100e-04	2.905942e+00	4.228781e-02	2.807580e-03
1.036683e+00	1.005988e-02	4.993300e-04	2.912246e+00	4.256311e-02	3.071050e-03
1.039643e+00	1.012401e-02	5.545000e-04	2.918571e+00	4.283547e-02	3.333720e-03
1.042610e+00	1.018783e-02	6.096000e-04	2.924915e+00	4.310468e-02	3.595510e-03
1.045583e+00	1.025127e-02	6.646100e-04	2.931279e+00	4.337053e-02	3.856330e-03
1.048563e+00	1.031430e-02	7.195100e-04	2.937663e+00	4.363282e-02	4.116060e-03
1.051549e+00	1.037687e-02	7.742700e-04	2.944067e+00	4.389135e-02	4.374600e-03
1.054542e+00	1.043894e-02	8.288800e-04	2.950492e+00	4.414592e-02	4.631870e-03
1.057541e+00	1.050046e-02	8.833200e-04	2.956937e+00	4.439633e-02	4.887770e-03
1.060547e+00	1.056138e-02	9.375700e-04	2.963403e+00	4.464239e-02	5.142190e-03
1.063560e+00	1.062167e-02	9.915900e-04	2.969890e+00	4.488389e-02	5.395030e-03
1.066580e+00	1.068127e-02	1.045380e-03	2.976398e+00	4.512066e-02	5.646200e-03
1.069606e+00	1.074014e-02	1.098910e-03	2.982927e+00	4.535250e-02	5.895580e-03
1.072639e+00	1.079824e-02	1.152160e-03	2.989477e+00	4.557922e-02	6.143080e-03
1.075679e+00	1.085553e-02	1.205110e-03	2.996048e+00	4.580064e-02	6.388620e-03
1.078725e+00	1.091196e-02	1.257740e-03	3.002641e+00	4.601656e-02	6.632060e-03
1.081779e+00	1.096749e-02	1.310020e-03	3.009255e+00	4.622680e-02	6.873330e-03
1.084839e+00	1.102208e-02	1.361940e-03	3.015891e+00	4.643119e-02	7.112320e-03
1.087907e+00	1.107568e-02	1.413470e-03	3.022549e+00	4.662955e-02	7.348910e-03
1.090981e+00	1.112825e-02	1.464600e-03	3.029228e+00	4.682169e-02	7.583030e-03
1.094063e+00	1.117976e-02	1.515280e-03	3.035930e+00	4.700743e-02	7.814550e-03
1.097151e+00	1.123016e-02	1.565520e-03	3.042654e+00	4.718662e-02	8.043380e-03
1.100247e+00	1.127940e-02	1.615290e-03	3.049401e+00	4.735907e-02	8.269420e-03
1.103349e+00	1.132746e-02	1.664550e-03	3.056170e+00	4.752461e-02	8.492550e-03
1.106459e+00	1.137429e-02	1.713290e-03	3.062962e+00	4.768308e-02	8.712690e-03
1.109576e+00	1.141985e-02	1.761500e-03	3.069776e+00	4.783430e-02	8.929720e-03
1.112700e+00	1.146410e-02	1.809140e-03	3.076614e+00	4.797813e-02	9.143550e-03
1.115831e+00	1.150700e-02	1.856190e-03	3.083474e+00	4.811439e-02	9.354050e-03
1.118970e+00	1.154852e-02	1.902640e-03	3.090358e+00	4.824294e-02	9.561140e-03
1.122116e+00	1.158860e-02	1.948440e-03	3.097265e+00	4.836358e-02	9.764710e-03
1.125269e+00	1.162724e-02	1.993600e-03	3.104195e+00	4.847621e-02	9.964650e-03
1.128430e+00	1.166437e-02	2.038090e-03	3.111149e+00	4.858064e-02	1.016085e-02
1.131598e+00	1.169997e-02	2.081860e-03	3.118127e+00	4.867675e-02	1.035322e-02
1.134774e+00	1.173399e-02	2.124920e-03	3.125129e+00	4.876437e-02	1.054165e-02
1.137957e+00	1.176642e-02	2.167230e-03	3.132154e+00	4.884337e-02	1.072603e-02
1.141148e+00	1.179720e-02	2.208770e-03	3.139204e+00	4.891361e-02	1.090625e-02
1.144346e+00	1.182630e-02	2.249510e-03	3.146278e+00	4.897495e-02	1.108220e-02
1.147552e+00	1.185370e-02	2.289450e-03	3.153377e+00	4.902725e-02	1.125378e-02
1.150765e+00	1.187935e-02	2.328530e-03	3.160500e+00	4.907039e-02	1.142088e-02
1.153986e+00	1.190323e-02	2.366770e-03	3.167648e+00	4.910424e-02	1.158341e-02
1.157215e+00	1.192530e-02	2.404100e-03	3.174821e+00	4.912867e-02	1.174124e-02
1.160451e+00	1.194553e-02	2.440530e-03	3.182019e+00	4.914358e-02	1.189427e-02
1.163696e+00	1.196389e-02	2.476020e-03	3.189242e+00	4.914883e-02	1.204240e-02
1.166948e+00	1.198036e-02	2.510560e-03	3.196490e+00	4.914433e-02	1.218550e-02
1.170208e+00	1.199489e-02	2.544120e-03	3.203763e+00	4.912997e-02	1.232348e-02
1.173475e+00	1.200747e-02	2.576670e-03	3.211062e+00	4.910565e-02	1.245623e-02
1.176751e+00	1.201807e-02	2.608180e-03	3.218387e+00	4.907127e-02	1.258362e-02
1.180035e+00	1.202665e-02	2.638640e-03	3.225738e+00	4.902675e-02	1.270558e-02
1.183326e+00	1.203320e-02	2.668020e-03	3.233115e+00	4.897200e-02	1.282196e-02
1.186626e+00	1.203769e-02	2.696300e-03	3.240517e+00	4.890694e-02	1.293267e-02
1.189934e+00	1.204009e-02	2.723450e-03	3.247946e+00	4.883150e-02	1.303761e-02
1.193249e+00	1.204039e-02	2.749450e-03	3.255402e+00	4.874563e-02	1.313665e-02
1.196573e+00	1.203857e-02	2.774260e-03	3.262884e+00	4.864926e-02	1.322967e-02
1.199905e+00	1.203459e-02	2.797880e-03	3.270393e+00	4.854235e-02	1.331659e-02
1.203246e+00	1.202845e-02	2.820270e-03	3.277928e+00	4.842486e-02	1.339727e-02
1.206594e+00	1.202013e-02	2.841400e-03	3.285491e+00	4.829676e-02	1.347162e-02
1.209951e+00	1.200960e-02	2.861260e-03	3.293080e+00	4.815803e-02	1.353951e-02
1.213316e+00	1.199687e-02	2.879810e-03	3.300697e+00	4.800866e-02	1.360085e-02
1.216690e+00	1.198191e-02	2.897040e-03	3.308342e+00	4.784866e-02	1.365550e-02
1.220072e+00	1.196472e-02	2.912910e-03	3.316014e+00	4.767804e-02	1.370337e-02
1.223462e+00	1.194528e-02	2.927410e-03	3.323713e+00	4.749682e-02	1.374433e-02
1.226861e+00	1.192359e-02	2.940500e-03	3.331441e+00	4.730506e-02	1.377828e-02
1.230268e+00	1.189965e-02	2.952170e-03	3.339197e+00	4.710280e-02	1.380510e-02
1.233684e+00	1.187345e-02	2.962370e-03	3.346980e+00	4.689012e-02	1.382469e-02
1.237108e+00	1.184500e-02	2.971090e-03	3.354792e+00	4.666711e-02	1.383690e-02
1.240541e+00	1.181429e-02	2.978300e-03	3.362633e+00	4.643388e-02	1.384165e-02
1.243983e+00	1.178133e-02	2.983990e-03	3.370502e+00	4.619056e-02	1.383881e-02
1.247433e+00	1.174614e-02	2.988110e-03	3.378400e+00	4.593730e-02	1.382827e-02
1.250892e+00	1.170872e-02	2.990650e-03	3.386326e+00	4.567427e-02	1.380991e-02
1.254360e+00	1.166909e-02	2.991570e-03	3.394282e+00	4.540167e-02	1.378362e-02
1.257837e+00	1.162727e-02	2.990860e-03	3.402267e+00	4.511974e-02	1.374929e-02
1.261322e+00	1.158328e-02	2.988470e-03	3.410281e+00	4.482871e-02	1.370678e-02
1.264816e+00	1.153716e-02	2.984410e-03	3.418325e+00	4.452888e-02	1.365599e-02
1.268320e+00	1.148892e-02	2.978620e-03	3.426398e+00	4.422057e-02	1.359681e-02
1.271832e+00	1.143861e-02	2.971080e-03	3.434501e+00	4.390414e-02	1.352912e-02
1.275353e+00	1.138627e-02	2.961770e-03	3.442635e+00	4.357998e-02	1.345279e-02
1.278883e+00	1.133194e-02	2.950660e-03	3.450798e+00	4.324853e-02	1.336771e-02
1.282423e+00	1.127569e-02	2.937730e-03	3.458991e+00	4.291027e-02	1.327376e-02
1.285971e+00	1.121756e-02	2.922950e-03	3.467215e+00	4.256573e-02	1.317083e-02
1.289529e+00	1.115764e-02	2.906280e-03	3.475469e+00	4.221551e-02	1.305879e-02
1.293096e+00	1.109598e-02	2.887710e-03	3.483755e+00	4.186024e-02	1.293754e-02
1.296672e+00	1.103267e-02	2.867200e-03	3.492071e+00	4.150063e-02	1.280693e-02
1.300257e+00	1.096780e-02	2.844730e-03	3.500417e+00	4.113743e-02	1.266687e-02
1.303852e+00	1.090147e-02	2.820270e-03	3.508796e+00	4.077150e-02	1.251722e-02
1.307456e+00	1.083379e-02	2.793790e-03	3.517205e+00	4.040375e-02	1.235787e-02
1.311069e+00	1.076487e-02	2.765270e-03	3.525646e+00	4.003516e-02	1.218870e-02
1.314692e+00	1.069485e-02	2.734670e-03	3.534118e+00	3.966683e-02	1.200959e-02
1.318324e+00	1.062385e-02	2.701960e-03	3.542623e+00	3.929990e-02	1.182042e-02
1.321966e+00	1.055205e-02	2.667140e-03	3.551159e+00	3.893565e-02	1.162107e-02
1.325617e+00	1.047959e-02	2.630150e-03	3.559727e+00	3.857545e-02	1.141140e-02
1.329278e+00	1.040666e-02	2.590980e-03	3.568327e+00	3.822076e-02	1.119131e-02
1.332949e+00	1.033346e-02	2.549580e-03	3.576960e+00	3.787316e-02	1.096067e-02
1.336629e+00	1.026019e-02	2.505950e-03	3.585626e+00	3.753434e-02	1.071937e-02
1.340319e+00	1.018708e-02	2.460040e-03	3.594324e+00	3.720611e-02	1.046726e-02
1.344019e+00	1.011437e-02	2.411840e-03	3.603055e+00	3.689040e-02	1.020424e-02
1.347728e+00	1.004232e-02	2.361310e-03	3.611819e+00	3.658926e-02	9.930180e-03
1.351448e+00	9.971212e-03	2.308410e-03	3.620616e+00	3.630484e-02	9.644970e-03
1.355177e+00	9.901344e-03	2.253130e-03	3.629446e+00	3.603942e-02	9.348460e-03
1.358916e+00	9.833033e-03	2.195430e-03	3.638310e+00	3.579539e-02	9.040550e-03
1.362665e+00	9.766620e-03	2.135290e-03	3.647208e+00	3.557524e-02	8.721090e-03
1.366424e+00	9.702463e-03	2.072670e-03	3.656139e+00	3.538154e-02	8.389980e-03
1.370193e+00	9.640947e-03	2.007540e-03	3.665105e+00	3.521695e-02	8.047080e-03
1.373973e+00	9.582473e-03	1.939890e-03	3.674104e+00	3.508417e-02	7.692270e-03
1.377762e+00	9.527466e-03	1.869660e-03	3.683138e+00	3.498596e-02	7.325430e-03
1.381562e+00	9.476371e-03	1.796860e-03	3.692206e+00	3.492508e-02	6.946430e-03
1.385371e+00	9.429650e-03	1.721420e-03	3.701309e+00	3.490428e-02	6.555140e-03
1.389191e+00	9.387787e-03	1.643330e-03	3.710447e+00	3.492626e-02	6.151440e-03
1.393022e+00	9.351285e-03	1.562560e-03	3.719619e+00	3.499367e-02	5.735190e-03
1.396862e+00	9.320656e-03	1.479070e-03	3.728827e+00	3.510903e-02	5.306270e-03
1.400713e+00	9.296428e-03	1.392840e-03	3.738070e+00	3.527475e-02	4.864570e-03
1.404575e+00	9.279138e-03	1.303840e-03	3.747348e+00	3.549305e-02	4.409940e-03
1.408447e+00	9.269331e-03	1.212030e-03	3.756662e+00	3.576598e-02	3.942270e-03
1.412329e+00	9.267551e-03	1.117400e-03	3.766011e+00	3.609538e-02	3.461400e-03
1.416222e+00	9.274341e-03	1.019890e-03	3.775397e+00	3.648283e-02	2.967240e-03
1.420126e+00	9.290241e-03	9.194900e-04	3.784818e+00	3.692970e-02	2.459640e-03
1.424040e+00	9.315776e-03	8.161600e-04	3.794276e+00	3.743709e-02	1.938480e-03
