0 0 0 0 0 0 0
0 2.87085e-12 2.33421e-13 8.61255e-12 7.00263e-13 0 9.90321e-13
0.001 1.51415e-11 8.10665e-13 4.54244e-11 2.43199e-12 -1e-16 3.43936e-12
0.002 4.88373e-11 1.94937e-12 1.46512e-10 5.84812e-12 1e-16 8.27048e-12
0.003 1.20689e-10 3.84039e-12 3.62066e-10 1.15212e-11 -1e-15 1.62934e-11
0.004 2.5229e-10 6.67455e-12 7.5687e-10 2.00236e-11 -1.03398e-25 2.83177e-11
0.005 4.70098e-10 1.06427e-11 1.4103e-09 3.19281e-11 6e-15 4.51532e-11
0.006 8.05434e-10 1.59357e-11 2.4163e-09 4.7807e-11 -2e-15 6.76094e-11
0.007 1.29448e-09 2.27443e-11 3.88345e-09 6.82328e-11 1e-14 9.64958e-11
0.008 1.97829e-09 3.12594e-11 5.93487e-09 9.37782e-11 -8.27181e-25 1.32622e-10
0.009 2.90277e-09 4.16719e-11 8.70831e-09 1.25016e-10 0 1.76799e-10
0.01 4.11869e-09 5.41725e-11 1.23561e-08 1.62518e-10 3e-14 2.29835e-10
0.011 5.6817e-09 6.89522e-11 1.70451e-08 2.06856e-10 0 2.92539e-10
0.012 7.65229e-09 8.62017e-11 2.29569e-08 2.58605e-10 3e-14 3.65723e-10
0.013 1.00958e-08 1.06112e-10 3.02875e-08 3.18336e-10 1e-13 4.50195e-10
0.014 1.30825e-08 1.28874e-10 3.92477e-08 3.86621e-10 2e-13 5.46765e-10
0.015 1.66875e-08 1.54678e-10 5.00626e-08 4.64033e-10 1e-13 6.56242e-10
0.016 2.09907e-08 1.83715e-10 6.29722e-08 5.51145e-10 1e-13 7.79437e-10
0.017 2.6077e-08 2.16176e-10 7.8231e-08 6.48529e-10 0 9.17158e-10
0.018 3.2036e-08 2.52253e-10 9.61079e-08 7.56758e-10 -1e-13 1.07022e-09
0.019 3.89622e-08 2.92135e-10 1.16887e-07 8.76404e-10 4e-13 1.23942e-09
0.02 4.69552e-08 3.36013e-10 1.40865e-07 1.00804e-09 -6e-13 1.42558e-09
0.021 5.6119e-08 3.84079e-10 1.68357e-07 1.15224e-09 0 1.62951e-09
0.022 6.6563e-08 4.36523e-10 1.99689e-07 1.30957e-09 2.64698e-23 1.85201e-09
0.023 7.8401e-08 4.93536e-10 2.35203e-07 1.48061e-09 -2.64698e-23 2.0939e-09
0.024 9.1752e-08 5.5531e-10 2.75256e-07 1.66593e-09 0 2.35598e-09
0.025 1.0674e-07 6.22034e-10 3.20219e-07 1.8661e-09 -1e-12 2.63907e-09
0.026 1.23493e-07 6.93899e-10 3.70478e-07 2.0817e-09 -1e-12 2.94397e-09
0.027 1.42144e-07 7.71097e-10 4.26433e-07 2.31329e-09 1e-12 3.27149e-09
0.028 1.62833e-07 8.53818e-10 4.88499e-07 2.56146e-09 0 3.62245e-09
0.029 1.85702e-07 9.42254e-10 5.57105e-07 2.82676e-09 -1e-12 3.99764e-09
0.03 2.10899e-07 1.03659e-09 6.32697e-07 3.10978e-09 0 4.39789e-09
0.031 2.38577e-07 1.13703e-09 7.15732e-07 3.41109e-09 1e-12 4.82401e-09
0.032 2.68894e-07 1.24375e-09 8.06683e-07 3.73126e-09 1e-12 5.27679e-09
0.033 3.02013e-07 1.35695e-09 9.0604e-07 4.07086e-09 1e-12 5.75706e-09
0.034 3.38101e-07 1.47682e-09 1.0143e-06 4.43046e-09 -3e-12 6.26562e-09
0.035 3.7733e-07 1.60355e-09 1.13199e-06 4.81065e-09 0 6.80329e-09
0.036 4.19878e-07 1.73733e-09 1.25964e-06 5.21198e-09 6e-12 7.37086e-09
0.037 4.65927e-07 1.87834e-09 1.39778e-06 5.63504e-09 -1e-12 7.96914e-09
0.038 5.15663e-07 2.0268e-09 1.54699e-06 6.08039e-09 1e-12 8.59898e-09
0.039 5.69279e-07 2.18287e-09 1.70784e-06 6.5486e-09 3e-12 9.26113e-09
0.04 6.26971e-07 2.34675e-09 1.88091e-06 7.04026e-09 -3e-12 9.95642e-09
0.041 6.88941e-07 2.51864e-09 2.06682e-06 7.55593e-09 -3e-12 1.06857e-08
0.042 7.55394e-07 2.69873e-09 2.26618e-06 8.09619e-09 -2e-12 1.14497e-08
0.043 8.26543e-07 2.8872e-09 2.47963e-06 8.6616e-09 1e-12 1.22494e-08
0.044 9.02604e-07 3.08425e-09 2.70781e-06 9.25274e-09 -2e-12 1.30854e-08
0.045 9.83797e-07 3.29006e-09 2.95139e-06 9.87019e-09 -1e-12 1.39585e-08
0.046 1.07035e-06 3.50484e-09 3.21105e-06 1.05145e-08 -4.23516e-22 1.48698e-08
0.047 1.16249e-06 3.72876e-09 3.48747e-06 1.11863e-08 0 1.58198e-08
0.048 1.26046e-06 3.96202e-09 3.78136e-06 1.18861e-08 -2e-11 1.68095e-08
0.049 1.36449e-06 4.20482e-09 4.09346e-06 1.26144e-08 -1e-11 1.78395e-08
0.05 1.47483e-06 4.45733e-09 4.42448e-06 1.3372e-08 -1e-11 1.89109e-08
0.051 1.59173e-06 4.71976e-09 4.77518e-06 1.41593e-08 -1e-11 2.00243e-08
0.052 1.71544e-06 4.99229e-09 5.14633e-06 1.49769e-08 1e-11 2.11805e-08
0.053 1.84624e-06 5.27512e-09 5.53871e-06 1.58254e-08 -1e-11 2.23805e-08
0.054 1.98437e-06 5.56843e-09 5.95311e-06 1.67053e-08 0 2.36249e-08
0.055 2.13011e-06 5.87241e-09 6.39034e-06 1.76172e-08 1e-11 2.49145e-08
0.056 2.28374e-06 6.18727e-09 6.85122e-06 1.85618e-08 0 2.62504e-08
0.057 2.44553e-06 6.51318e-09 7.33659e-06 1.95395e-08 0 2.76331e-08
0.058 2.61577e-06 6.85034e-09 7.84731e-06 2.0551e-08 0 2.90635e-08
0.059 2.79475e-06 7.19894e-09 8.38424e-06 2.15968e-08 -1e-11 3.05425e-08
0.06 2.98275e-06 7.55917e-09 8.94826e-06 2.26775e-08 1e-11 3.20708e-08
0.061 3.18009e-06 7.93122e-09 9.54027e-06 2.37936e-08 0 3.36493e-08
0.062 3.38706e-06 8.31528e-09 1.01612e-05 2.49458e-08 2e-11 3.52787e-08
0.063 3.60397e-06 8.71154e-09 1.08119e-05 2.61346e-08 -1e-11 3.69599e-08
0.064 3.83114e-06 9.1202e-09 1.14934e-05 2.73606e-08 -2e-11 3.86937e-08
0.065 4.06888e-06 9.54144e-09 1.22066e-05 2.86243e-08 -4e-11 4.04809e-08
0.066 4.31752e-06 9.97546e-09 1.29526e-05 2.99264e-08 4e-11 4.23223e-08
0.067 4.57739e-06 1.04224e-08 1.37322e-05 3.12673e-08 3e-11 4.42186e-08
0.068 4.84881e-06 1.08826e-08 1.45464e-05 3.26477e-08 -3e-11 4.61709e-08
0.069 5.13212e-06 1.13561e-08 1.53964e-05 3.40682e-08 4e-11 4.81798e-08
0.07 5.42768e-06 1.18431e-08 1.6283e-05 3.55293e-08 -4e-11 5.0246e-08
0.071 5.73582e-06 1.23438e-08 1.72075e-05 3.70315e-08 4e-11 5.23704e-08
0.072 6.05689e-06 1.28585e-08 1.81707e-05 3.85756e-08 3e-11 5.45541e-08
0.073 6.39127e-06 1.33873e-08 1.91738e-05 4.01619e-08 -1e-11 5.67975e-08
0.074 6.73929e-06 1.39304e-08 2.02179e-05 4.17912e-08 3e-11 5.91017e-08
0.075 7.10135e-06 1.4488e-08 2.13041e-05 4.3464e-08 5e-11 6.14674e-08
0.076 7.4778e-06 1.50603e-08 2.24334e-05 4.51807e-08 0 6.38953e-08
0.077 7.86902e-06 1.56474e-08 2.3607e-05 4.69422e-08 -6e-11 6.63863e-08
0.078 8.27539e-06 1.62496e-08 2.48262e-05 4.87488e-08 3e-11 6.89412e-08
0.079 8.69731e-06 1.68671e-08 2.60919e-05 5.06011e-08 -3e-11 7.15609e-08
0.08 9.13515e-06 1.75e-08 2.74055e-05 5.24999e-08 5e-11 7.42461e-08
0.081 9.58933e-06 1.81485e-08 2.8768e-05 5.44455e-08 1e-11 7.69976e-08
0.082 1.00602e-05 1.88129e-08 3.01807e-05 5.64386e-08 1e-10 7.98163e-08
0.083 1.05483e-05 1.94933e-08 3.16448e-05 5.84798e-08 -1e-10 8.2703e-08
0.084 1.10538e-05 2.01899e-08 3.31615e-05 6.05696e-08 1e-10 8.56584e-08
0.085 1.15774e-05 2.09029e-08 3.47322e-05 6.27086e-08 0 8.86834e-08
0.086 1.21193e-05 2.16325e-08 3.63579e-05 6.48974e-08 0 9.17789e-08
0.087 1.268e-05 2.23788e-08 3.80401e-05 6.71365e-08 1e-10 9.49453e-08
0.088 1.326e-05 2.31422e-08 3.978e-05 6.94266e-08 0 9.8184e-08
0.089 1.38596e-05 2.39227e-08 4.15789e-05 7.17682e-08 1e-10 1.01495e-07
0.09 1.44794e-05 2.47206e-08 4.34381e-05 7.41618e-08 -1e-10 1.04881e-07
0.091 1.51197e-05 2.5536e-08 4.5359e-05 7.6608e-08 -1e-10 1.0834e-07
0.092 1.5781e-05 2.63692e-08 4.73429e-05 7.91075e-08 -1e-10 1.11875e-07
0.093 1.64637e-05 2.72202e-08 4.93912e-05 8.16607e-08 1e-10 1.15486e-07
0.094 1.71684e-05 2.80894e-08 5.15053e-05 8.42684e-08 1e-10 1.19173e-07
0.095 1.78955e-05 2.8977e-08 5.36865e-05 8.69309e-08 6.77626e-21 1.22939e-07
0.096 1.86454e-05 2.9883e-08 5.59362e-05 8.96489e-08 0 1.26783e-07
0.097 1.94187e-05 3.08077e-08 5.8256e-05 9.2423e-08 -1e-10 1.30706e-07
0.098 2.02157e-05 3.17513e-08 6.06471e-05 9.52538e-08 0 1.34709e-07
0.099 2.1037e-05 3.27139e-08 6.31111e-05 9.81418e-08 1e-10 1.38793e-07
0.1 2.18832e-05 3.36958e-08 6.56495e-05 1.01087e-07 -1e-10 1.42959e-07
0.101 2.27546e-05 3.46972e-08 6.82637e-05 1.04092e-07 -1e-10 1.47208e-07
0.102 2.36517e-05 3.57182e-08 7.09551e-05 1.07155e-07 0 1.5154e-07
0.103 2.45751e-05 3.67591e-08 7.37254e-05 1.10277e-07 1e-10 1.55955e-07
0.104 2.55253e-05 3.782e-08 7.6576e-05 1.1346e-07 1e-10 1.60457e-07
0.105 2.65028e-05 3.89011e-08 7.95085e-05 1.16703e-07 1e-10 1.65043e-07
0.106 2.75081e-05 4.00026e-08 8.25244e-05 1.20008e-07 1e-10 1.69717e-07
0.107 2.85418e-05 4.11247e-08 8.56253e-05 1.23374e-07 -1e-10 1.74477e-07
0.108 2.96043e-05 4.22676e-08 8.88128e-05 1.26803e-07 -1e-10 1.79326e-07
0.109 3.06962e-05 4.34315e-08 9.20885e-05 1.30295e-07 -1e-10 1.84265e-07
0.11 3.1818e-05 4.46165e-08 9.5454e-05 1.3385e-07 0 1.89292e-07
0.111 3.29703e-05 4.58229e-08 9.89108e-05 1.37469e-07 -1e-10 1.9441e-07
0.112 3.41536e-05 4.70509e-08 0.000102461 1.41153e-07 2e-10 1.9962e-07
0.113 3.53685e-05 4.83006e-08 0.000106105 1.44902e-07 -5e-10 2.04922e-07
0.114 3.66155e-05 4.95723e-08 0.000109846 1.48717e-07 -5e-10 2.10318e-07
0.115 3.78952e-05 5.08661e-08 0.000113686 1.52598e-07 4e-10 2.15806e-07
0.116 3.92081e-05 5.21822e-08 0.000117624 1.56546e-07 -3e-10 2.2139e-07
0.117 4.05549e-05 5.35208e-08 0.000121665 1.60562e-07 3e-10 2.27069e-07
0.118 4.19361e-05 5.48821e-08 0.000125808 1.64646e-07 -3e-10 2.32845e-07
0.119 4.33522e-05 5.62663e-08 0.000130057 1.68799e-07 4e-10 2.38718e-07
0.12 4.48039e-05 5.76735e-08 0.000134412 1.73021e-07 3e-10 2.44688e-07
0.121 4.62918e-05 5.91041e-08 0.000138876 1.77312e-07 6e-10 2.50757e-07
0.122 4.78165e-05 6.05581e-08 0.000143449 1.81674e-07 -5e-10 2.56926e-07
0.123 4.93784e-05 6.20357e-08 0.000148135 1.86107e-07 -2e-10 2.63195e-07
0.124 5.09784e-05 6.35372e-08 0.000152935 1.90612e-07 -2e-10 2.69566e-07
0.125 5.26169e-05 6.50628e-08 0.000157851 1.95188e-07 3e-10 2.76038e-07
0.126 5.42946e-05 6.66125e-08 0.000162884 1.99838e-07 2e-10 2.82613e-07
0.127 5.60121e-05 6.81867e-08 0.000168036 2.0456e-07 -3e-10 2.89292e-07
0.128 5.77701e-05 6.97855e-08 0.00017331 2.09356e-07 -3e-10 2.96074e-07
0.129 5.95691e-05 7.14091e-08 0.000178707 2.14227e-07 -3e-10 3.02963e-07
0.13 6.14097e-05 7.30576e-08 0.000184229 2.19173e-07 -1e-10 3.09957e-07
0.131 6.32928e-05 7.47314e-08 0.000189878 2.24194e-07 -4e-10 3.17058e-07
0.132 6.52187e-05 7.64305e-08 0.000195656 2.29291e-07 -1e-10 3.24267e-07
0.133 6.71884e-05 7.81552e-08 0.000201565 2.34466e-07 -2e-10 3.31585e-07
0.134 6.92023e-05 7.99056e-08 0.000207607 2.39717e-07 1e-10 3.39011e-07
0.135 7.12611e-05 8.1682e-08 0.000213783 2.45046e-07 -3e-10 3.46547e-07
0.136 7.33655e-05 8.34845e-08 0.000220097 2.50454e-07 5e-10 3.54195e-07
0.137 7.55163e-05 8.53134e-08 0.000226549 2.5594e-07 1e-10 3.61954e-07
0.138 7.77139e-05 8.71687e-08 0.000233142 2.61506e-07 3e-10 3.69825e-07
0.139 7.99592e-05 8.90508e-08 0.000239878 2.67152e-07 4e-10 3.7781e-07
0.14 8.22528e-05 9.09597e-08 0.000246758 2.72879e-07 -4e-10 3.85909e-07
0.141 8.45953e-05 9.28958e-08 0.000253786 2.78687e-07 1e-10 3.94123e-07
0.142 8.69876e-05 9.48591e-08 0.000260963 2.84577e-07 2e-10 4.02453e-07
0.143 8.94302e-05 9.68499e-08 0.000268291 2.9055e-07 4e-10 4.109e-07
0.144 9.19239e-05 9.88683e-08 0.000275772 2.96605e-07 3e-10 4.19463e-07
0.145 9.44694e-05 1.00915e-07 0.000283408 3.02744e-07 -2e-10 4.28145e-07
0.146 9.70675e-05 1.02989e-07 0.000291202 3.08967e-07 -5e-10 4.36945e-07
0.147 9.97187e-05 1.05092e-07 0.000299156 3.15275e-07 -1e-10 4.45867e-07
0.148 0.000102424 1.07223e-07 0.000307272 3.21668e-07 0 4.54908e-07
0.149 0.000105184 1.09382e-07 0.000315551 3.28147e-07 -1e-09 4.64069e-07
0.15 0.000107999 1.11571e-07 0.000323997 3.34712e-07 5.42101e-20 4.73355e-07
0.151 0.00011087 1.13788e-07 0.000332611 3.41364e-07 1e-09 4.82762e-07
0.152 0.000113799 1.16035e-07 0.000341396 3.48104e-07 -1e-09 4.92294e-07
0.153 0.000116785 1.18311e-07 0.000350354 3.54932e-07 -1e-09 5.0195e-07
0.154 0.000119829 1.20616e-07 0.000359487 3.61849e-07 5.42101e-20 5.11731e-07
0.155 0.000122932 1.22951e-07 0.000368797 3.68855e-07 1e-09 5.21638e-07
0.156 0.000126096 1.25317e-07 0.000378287 3.7595e-07 -1e-09 5.31674e-07
0.157 0.00012932 1.27712e-07 0.000387958 3.83136e-07 -2e-09 5.41836e-07
0.158 0.000132605 1.30138e-07 0.000397815 3.90414e-07 0 5.52129e-07
0.159 0.000135953 1.32594e-07 0.000407857 3.97783e-07 -2e-09 5.62549e-07
0.16 0.000139363 1.35081e-07 0.000418089 4.05243e-07 5.42101e-20 5.731e-07
0.161 0.000142837 1.37599e-07 0.000428512 4.12797e-07 1e-09 5.83783e-07
0.162 0.000146376 1.40148e-07 0.000439129 4.20444e-07 1e-09 5.94598e-07
0.163 0.000149981 1.42728e-07 0.000449942 4.28185e-07 -1e-09 6.05544e-07
0.164 0.000153651 1.4534e-07 0.000460953 4.3602e-07 -5.42101e-20 6.16625e-07
0.165 0.000157388 1.47983e-07 0.000472165 4.4395e-07 1e-09 6.27839e-07
0.166 0.000161194 1.50659e-07 0.000483581 4.51976e-07 -1e-09 6.39191e-07
0.167 0.000165067 1.53366e-07 0.000495202 4.60098e-07 1e-09 6.50677e-07
0.168 0.00016901 1.56105e-07 0.000507031 4.68317e-07 1e-09 6.62299e-07
0.169 0.000173024 1.58877e-07 0.000519071 4.76633e-07 -1e-09 6.74059e-07
0.17 0.000177108 1.61682e-07 0.000531325 4.85047e-07 1e-09 6.85959e-07
0.171 0.000181265 1.6452e-07 0.000543794 4.93559e-07 -1e-09 6.97999e-07
0.172 0.000185494 1.6739e-07 0.000556481 5.0217e-07 -1e-09 7.10176e-07
0.173 0.000189796 1.70294e-07 0.000569389 5.10881e-07 1e-09 7.22496e-07
0.174 0.000194173 1.73231e-07 0.00058252 5.19692e-07 1e-09 7.34956e-07
0.175 0.000198626 1.76201e-07 0.000595877 5.28604e-07 -1e-09 7.47558e-07
0.176 0.000203154 1.79206e-07 0.000609462 5.37617e-07 0 7.60306e-07
0.177 0.000207759 1.82244e-07 0.000623278 5.46732e-07 1e-09 7.73196e-07
0.178 0.000212443 1.85316e-07 0.000637328 5.55949e-07 -1e-09 7.8623e-07
0.179 0.000217205 1.88423e-07 0.000651614 5.65269e-07 -1e-09 7.99411e-07
0.18 0.000222046 1.91564e-07 0.000666139 5.74694e-07 1e-09 8.12739e-07
0.181 0.000226969 1.9474e-07 0.000680906 5.84222e-07 -1e-09 8.26213e-07
0.182 0.000231972 1.97952e-07 0.000695916 5.93854e-07 0 8.39838e-07
0.183 0.000237058 2.01198e-07 0.000711174 6.03593e-07 0 8.5361e-07
0.184 0.000242227 2.04479e-07 0.000726681 6.13437e-07 0 8.67531e-07
0.185 0.00024748 2.07796e-07 0.00074244 6.23387e-07 0 8.81603e-07
0.186 0.000252818 2.11148e-07 0.000758454 6.33445e-07 0 8.95826e-07
0.187 0.000258242 2.14537e-07 0.000774726 6.4361e-07 0 9.10203e-07
0.188 0.000263753 2.17961e-07 0.000791258 6.53883e-07 -1e-09 9.2473e-07
0.189 0.000269351 2.21422e-07 0.000808053 6.64266e-07 0 9.39414e-07
0.19 0.000275038 2.24919e-07 0.000825115 6.74757e-07 1e-09 9.54251e-07
0.191 0.000280815 2.28453e-07 0.000842445 6.85358e-07 0 9.69243e-07
0.192 0.000286682 2.32023e-07 0.000860046 6.9607e-07 0 9.84391e-07
0.193 0.000292641 2.35631e-07 0.000877922 7.06893e-07 -1e-09 9.99698e-07
0.194 0.000298692 2.39276e-07 0.000896076 7.17827e-07 0 1.01516e-06
0.195 0.000304836 2.42958e-07 0.000914509 7.28874e-07 1e-09 1.03078e-06
0.196 0.000311075 2.46678e-07 0.000933225 7.40033e-07 0 1.04657e-06
0.197 0.000317409 2.50435e-07 0.000952227 7.51306e-07 1.0842e-19 1.06251e-06
0.198 0.000323839 2.54231e-07 0.000971518 7.62692e-07 1e-09 1.07861e-06
0.199 0.000330367 2.58064e-07 0.000991101 7.74193e-07 2.1684e-19 1.09487e-06
0.2 0.000336993 2.61936e-07 0.00101098 7.85809e-07 1e-09 1.1113e-06
0.201 0.000343717 2.65847e-07 0.00103115 7.97541e-07 -1e-09 1.12789e-06
0.202 0.000350542 2.69796e-07 0.00105163 8.09389e-07 4e-09 1.14465e-06
0.203 0.000357469 2.73785e-07 0.00107241 8.21354e-07 3e-09 1.16157e-06
0.204 0.000364497 2.77812e-07 0.00109349 8.33435e-07 -1e-09 1.17866e-06
0.205 0.000371628 2.81878e-07 0.00111488 8.45636e-07 -4e-09 1.19591e-06
0.206 0.000378864 2.85985e-07 0.00113659 8.57953e-07 -2e-09 1.21333e-06
0.207 0.000386205 2.9013e-07 0.00115861 8.70391e-07 -5e-09 1.23092e-06
0.208 0.000393651 2.94316e-07 0.00118095 8.82948e-07 -3e-09 1.24868e-06
0.209 0.000401205 2.98542e-07 0.00120362 8.95625e-07 5e-09 1.26661e-06
0.21 0.000408867 3.02808e-07 0.0012266 9.08423e-07 -1e-09 1.2847e-06
0.211 0.000416639 3.07114e-07 0.00124992 9.21343e-07 3e-09 1.30298e-06
0.212 0.000424521 3.11461e-07 0.00127356 9.34384e-07 -3e-09 1.32142e-06
0.213 0.000432514 3.15849e-07 0.00129754 9.47547e-07 -2e-09 1.34003e-06
0.214 0.000440619 3.20278e-07 0.00132186 9.60834e-07 3e-09 1.35882e-06
0.215 0.000448838 3.24748e-07 0.00134651 9.74245e-07 -4e-09 1.37779e-06
0.216 0.000457171 3.2926e-07 0.00137151 9.87779e-07 -3e-09 1.39693e-06
0.217 0.00046562 3.33813e-07 0.00139686 1.00144e-06 0 1.41625e-06
0.218 0.000474185 3.38408e-07 0.00142256 1.01522e-06 5e-09 1.43574e-06
0.219 0.000482868 3.43045e-07 0.0014486 1.02913e-06 -4e-09 1.45541e-06
0.22 0.000491669 3.47724e-07 0.00147501 1.04317e-06 3e-09 1.47527e-06
0.221 0.000500591 3.52445e-07 0.00150177 1.05734e-06 -3e-09 1.4953e-06
0.222 0.000509633 3.57209e-07 0.0015289 1.07163e-06 1e-09 1.51551e-06
0.223 0.000518797 3.62016e-07 0.00155639 1.08605e-06 -1e-09 1.53591e-06
0.224 0.000528084 3.66865e-07 0.00158425 1.1006e-06 -2e-09 1.55648e-06
0.225 0.000537496 3.71758e-07 0.00161249 1.11527e-06 2e-09 1.57723e-06
0.226 0.000547032 3.76694e-07 0.0016411 1.13008e-06 4e-09 1.59818e-06
0.227 0.000556695 3.81674e-07 0.00167009 1.14502e-06 5e-09 1.6193e-06
0.228 0.000566486 3.86697e-07 0.00169946 1.16009e-06 2e-09 1.64062e-06
0.229 0.000576405 3.91764e-07 0.00172921 1.17529e-06 -5e-09 1.66211e-06
0.23 0.000586453 3.96875e-07 0.00175936 1.19063e-06 1e-09 1.6838e-06
0.231 0.000596633 4.02031e-07 0.0017899 1.20609e-06 1e-09 1.70567e-06
0.232 0.000606944 4.07231e-07 0.00182083 1.22169e-06 -2e-09 1.72773e-06
0.233 0.000617389 4.12475e-07 0.00185217 1.23743e-06 3e-09 1.74999e-06
0.234 0.000627967 4.17765e-07 0.0018839 1.25329e-06 -1e-09 1.77242e-06
0.235 0.000638682 4.23099e-07 0.00191604 1.2693e-06 -6e-09 1.79506e-06
0.236 0.000649532 4.28479e-07 0.0019486 1.28544e-06 4e-09 1.81788e-06
0.237 0.000660521 4.33904e-07 0.00198156 1.30171e-06 -3e-09 1.8409e-06
0.238 0.000671648 4.39374e-07 0.00201494 1.31812e-06 -4e-09 1.8641e-06
0.239 0.000682915 4.44891e-07 0.00204874 1.33467e-06 -5e-09 1.88751e-06
0.24 0.000694323 4.50453e-07 0.00208297 1.35136e-06 1e-09 1.91111e-06
0.241 0.000705874 4.56062e-07 0.00211762 1.36819e-06 -2e-09 1.93491e-06
0.242 0.000717568 4.61717e-07 0.0021527 1.38515e-06 -4e-09 1.9589e-06
0.243 0.000729407 4.67418e-07 0.00218822 1.40225e-06 -1e-09 1.98308e-06
0.244 0.000741391 4.73167e-07 0.00222417 1.4195e-06 -3e-09 2.00748e-06
0.245 0.000753523 4.78962e-07 0.00226057 1.43688e-06 1e-09 2.03206e-06
0.246 0.000765803 4.84804e-07 0.00229741 1.45441e-06 1e-09 2.05685e-06
0.247 0.000778233 4.90694e-07 0.0023347 1.47208e-06 1e-09 2.08184e-06
0.248 0.000790813 4.96631e-07 0.00237244 1.48989e-06 1e-09 2.10702e-06
0.249 0.000803545 5.02616e-07 0.00241064 1.50785e-06 5e-09 2.13242e-06
0.25 0.000816431 5.08648e-07 0.00244929 1.52595e-06 -3e-09 2.15801e-06
0.251 0.00082947 5.14729e-07 0.00248841 1.54419e-06 0 2.18381e-06
0.252 0.000842666 5.20858e-07 0.002528 1.56258e-06 2e-09 2.20982e-06
0.253 0.000856018 5.27036e-07 0.00256805 1.58111e-06 -4e-09 2.23603e-06
0.254 0.000869528 5.33262e-07 0.00260858 1.59979e-06 -4e-09 2.26244e-06
0.255 0.000883197 5.39537e-07 0.00264959 1.61861e-06 -1e-09 2.28906e-06
0.256 0.000897027 5.45861e-07 0.00269108 1.63758e-06 -1e-09 2.31589e-06
0.257 0.000911019 5.52234e-07 0.00273306 1.6567e-06 3e-09 2.34293e-06
0.258 0.000925174 5.58657e-07 0.00277552 1.67597e-06 -2e-09 2.37018e-06
0.259 0.000939493 5.65129e-07 0.00281848 1.69539e-06 1e-09 2.39764e-06
0.26 0.000953977 5.71651e-07 0.00286193 1.71495e-06 -1e-09 2.42531e-06
0.261 0.000968629 5.78224e-07 0.00290589 1.73467e-06 3e-09 2.4532e-06
0.262 0.000983449 5.84846e-07 0.00295035 1.75454e-06 3e-09 2.48129e-06
0.263 0.000998438 5.91518e-07 0.00299531 1.77455e-06 -4e-09 2.5096e-06
0.264 0.0010136 5.98242e-07 0.00304079 1.79472e-06 -1e-08 2.53812e-06
0.265 0.00102893 6.05016e-07 0.00308679 1.81505e-06 0 2.56687e-06
0.266 0.00104443 6.1184e-07 0.0031333 1.83552e-06 1e-08 2.59582e-06
0.267 0.00106011 6.18717e-07 0.00318034 1.85615e-06 1e-08 2.62499e-06
0.268 0.00107597 6.25644e-07 0.00322791 1.87693e-06 -4.33681e-19 2.65438e-06
0.269 0.001092 6.32623e-07 0.003276 1.89787e-06 -4.33681e-19 2.68399e-06
0.27 0.00110821 6.39653e-07 0.00332464 1.91896e-06 1e-08 2.71382e-06
0.271 0.0011246 6.46736e-07 0.00337381 1.94021e-06 1e-08 2.74387e-06
0.272 0.00114118 6.53871e-07 0.00342353 1.96161e-06 -1e-08 2.77414e-06
0.273 0.00115793 6.61057e-07 0.00347379 1.98317e-06 0 2.80463e-06
0.274 0.00117487 6.68297e-07 0.00352461 2.00489e-06 0 2.83534e-06
0.275 0.00119199 6.75588e-07 0.00357598 2.02676e-06 1e-08 2.86627e-06
0.276 0.0012093 6.82933e-07 0.00362791 2.0488e-06 1e-08 2.89744e-06
0.277 0.0012268 6.90332e-07 0.0036804 2.07099e-06 4.33681e-19 2.92883e-06
0.278 0.00124449 6.97782e-07 0.00373346 2.09335e-06 -1e-08 2.96044e-06
0.279 0.00126237 7.05287e-07 0.0037871 2.11586e-06 -1e-08 2.99228e-06
0.28 0.00128043 7.12845e-07 0.00384131 2.13853e-06 2e-08 3.02434e-06
0.281 0.0012987 7.20457e-07 0.00389609 2.16137e-06 -1e-08 3.05664e-06
0.282 0.00131716 7.28123e-07 0.00395147 2.18437e-06 -1e-08 3.08916e-06
0.283 0.00133581 7.35844e-07 0.00400743 2.20753e-06 0 3.12192e-06
0.284 0.00135466 7.43618e-07 0.00406398 2.23085e-06 0 3.1549e-06
0.285 0.00137371 7.51447e-07 0.00412113 2.25434e-06 0 3.18812e-06
0.286 0.00139296 7.59331e-07 0.00417888 2.27799e-06 8.67362e-19 3.22157e-06
0.287 0.00141241 7.67269e-07 0.00423724 2.30181e-06 1e-08 3.25525e-06
0.288 0.00143207 7.75263e-07 0.0042962 2.32579e-06 -1e-08 3.28916e-06
0.289 0.00145193 7.83313e-07 0.00435578 2.34994e-06 -1e-08 3.32332e-06
0.29 0.00147199 7.91418e-07 0.00441597 2.37425e-06 0 3.3577e-06
0.291 0.00149226 7.99577e-07 0.00447679 2.39873e-06 1e-08 3.39232e-06
0.292 0.00151274 8.07794e-07 0.00453823 2.42338e-06 1e-08 3.42718e-06
0.293 0.00153344 8.16067e-07 0.00460031 2.4482e-06 -1e-08 3.46228e-06
0.294 0.00155434 8.24395e-07 0.00466301 2.47319e-06 -1e-08 3.49762e-06
0.295 0.00157545 8.32781e-07 0.00472636 2.49834e-06 1e-08 3.53319e-06
0.296 0.00159678 8.41223e-07 0.00479035 2.52367e-06 1e-08 3.56901e-06
0.297 0.00161833 8.49721e-07 0.00485499 2.54917e-06 0 3.60507e-06
0.298 0.00164009 8.58277e-07 0.00492028 2.57483e-06 1e-08 3.64136e-06
0.299 0.00166207 8.66891e-07 0.00498622 2.60067e-06 1e-08 3.6779e-06
0.3 0.00168428 8.7556e-07 0.00505283 2.62668e-06 -1e-08 3.71469e-06
0.301 0.0017067 8.84289e-07 0.0051201 2.65287e-06 0 3.75172e-06
0.302 0.00172935 8.93075e-07 0.00518804 2.67922e-06 -1e-08 3.78899e-06
0.303 0.00175222 9.01919e-07 0.00525666 2.70576e-06 0 3.82652e-06
0.304 0.00177532 9.10821e-07 0.00532595 2.73246e-06 -1e-08 3.86428e-06
0.305 0.00179864 9.19781e-07 0.00539593 2.75935e-06 1e-08 3.90231e-06
0.306 0.0018222 9.28801e-07 0.00546659 2.7864e-06 -1e-08 3.94057e-06
0.307 0.00184598 9.37878e-07 0.00553794 2.81364e-06 0 3.97908e-06
0.308 0.00187 9.47016e-07 0.00561 2.84105e-06 8.67362e-19 4.01785e-06
0.309 0.00189425 9.56211e-07 0.00568275 2.86863e-06 0 4.05686e-06
0.31 0.00191873 9.65467e-07 0.00575621 2.8964e-06 2e-08 4.09613e-06
0.311 0.00194346 9.74781e-07 0.00583037 2.92434e-06 -1e-08 4.13564e-06
0.312 0.00196842 9.84156e-07 0.00590525 2.95247e-06 -1e-08 4.17542e-06
0.313 0.00199362 9.93591e-07 0.00598086 2.98077e-06 -8.67362e-19 4.21545e-06
0.314 0.00201906 1.00309e-06 0.00605718 3.00926e-06 -8.67362e-19 4.25574e-06
0.315 0.00204474 1.01264e-06 0.00613423 3.03792e-06 1e-08 4.29627e-06
0.316 0.00207067 1.02225e-06 0.00621202 3.06677e-06 1e-08 4.33705e-06
0.317 0.00209685 1.03193e-06 0.00629054 3.0958e-06 -1e-08 4.37812e-06
0.318 0.00212327 1.04167e-06 0.00636981 3.12501e-06 0 4.41943e-06
0.319 0.00214994 1.05147e-06 0.00644982 3.1544e-06 0 4.461e-06
0.32 0.00217686 1.06133e-06 0.00653058 3.18398e-06 0 4.50283e-06
0.321 0.00220403 1.07125e-06 0.0066121 3.21374e-06 1e-08 4.54492e-06
0.322 0.00223146 1.08123e-06 0.00669438 3.24369e-06 -8.67362e-19 4.58727e-06
0.323 0.00225914 1.09127e-06 0.00677742 3.27382e-06 -8.67362e-19 4.62987e-06
0.324 0.00228708 1.10138e-06 0.00686124 3.30414e-06 8.67362e-19 4.67276e-06
0.325 0.00231528 1.11155e-06 0.00694583 3.33464e-06 -1e-08 4.7159e-06
0.326 0.00234373 1.12178e-06 0.0070312 3.36533e-06 1e-08 4.7593e-06
0.327 0.00237245 1.13207e-06 0.00711736 3.39621e-06 1e-08 4.80297e-06
0.328 0.00240143 1.14243e-06 0.0072043 3.42728e-06 1e-08 4.84691e-06
0.329 0.00243068 1.15285e-06 0.00729204 3.45854e-06 -8.67362e-19 4.89112e-06
0.33 0.00246019 1.16333e-06 0.00738058 3.48998e-06 1e-08 4.93558e-06
0.331 0.00248997 1.17387e-06 0.00746992 3.52162e-06 1e-08 4.98032e-06
0.332 0.00252002 1.18448e-06 0.00756007 3.55345e-06 1e-08 5.02533e-06
0.333 0.00255034 1.19516e-06 0.00765103 3.58547e-06 1e-08 5.07063e-06
0.334 0.00258094 1.20589e-06 0.00774281 3.61768e-06 -1e-08 5.11617e-06
0.335 0.00261181 1.21669e-06 0.00783542 3.65008e-06 -1e-08 5.16199e-06
0.336 0.00264295 1.22756e-06 0.00792885 3.68268e-06 0 5.2081e-06
0.337 0.00267437 1.23849e-06 0.00802312 3.71546e-06 1e-08 5.25446e-06
0.338 0.00270608 1.24948e-06 0.00811822 3.74845e-06 -2e-08 5.3011e-06
0.339 0.00273806 1.26054e-06 0.00821417 3.78162e-06 -1e-08 5.34802e-06
0.34 0.00277032 1.27167e-06 0.00831097 3.815e-06 1e-08 5.39523e-06
0.341 0.00280287 1.28286e-06 0.00840862 3.84857e-06 1e-08 5.44271e-06
0.342 0.00283571 1.29411e-06 0.00850712 3.88233e-06 -1e-08 5.49044e-06
0.343 0.00286883 1.30543e-06 0.00860649 3.91629e-06 -1.73472e-18 5.53847e-06
0.344 0.00290224 1.31682e-06 0.00870673 3.95045e-06 1e-08 5.58679e-06
0.345 0.00293595 1.32827e-06 0.00880784 3.98481e-06 -1e-08 5.63537e-06
0.346 0.00296994 1.33979e-06 0.00890983 4.01937e-06 1e-08 5.68425e-06
0.347 0.00300423 1.35137e-06 0.0090127 4.05412e-06 1e-08 5.73338e-06
0.348 0.00303882 1.36302e-06 0.00911646 4.08908e-06 0 5.78282e-06
0.349 0.0030737 1.37474e-06 0.00922111 4.12423e-06 1e-08 5.83253e-06
0.35 0.00310889 1.38653e-06 0.00932667 4.15959e-06 0 5.88255e-06
0.351 0.00314437 1.39838e-06 0.00943312 4.19514e-06 1e-08 5.93282e-06
0.352 0.00318016 1.4103e-06 0.00954049 4.2309e-06 1e-08 5.9834e-06
0.353 0.00321625 1.42229e-06 0.00964876 4.26687e-06 1e-08 6.03427e-06
0.354 0.00325265 1.43434e-06 0.00975796 4.30303e-06 1e-08 6.0854e-06
0.355 0.00328936 1.44647e-06 0.00986808 4.3394e-06 0 6.13685e-06
0.356 0.00332638 1.45866e-06 0.00997913 4.37598e-06 -1e-08 6.18857e-06
0.357 0.00336371 1.47092e-06 0.0100911 4.41276e-06 -3e-08 6.24059e-06
0.358 0.00340135 1.48325e-06 0.010204 4.44974e-06 -5e-08 6.29289e-06
0.359 0.00343931 1.49564e-06 0.0103179 4.48693e-06 -3e-08 6.34547e-06
0.36 0.00347758 1.50811e-06 0.0104327 4.52432e-06 -4e-08 6.39836e-06
0.361 0.00351617 1.52064e-06 0.0105485 4.56193e-06 -1e-08 6.45154e-06
0.362 0.00355508 1.53325e-06 0.0106652 4.59974e-06 -4e-08 6.50502e-06
0.363 0.00359432 1.54592e-06 0.0107829 4.63776e-06 -6e-08 6.55878e-06
0.364 0.00363388 1.55866e-06 0.0109016 4.67599e-06 -4e-08 6.61284e-06
0.365 0.00367376 1.57148e-06 0.0110213 4.71443e-06 2e-08 6.66722e-06
0.366 0.00371397 1.58436e-06 0.0111419 4.75308e-06 -1e-08 6.72187e-06
0.367 0.00375451 1.59731e-06 0.0112635 4.79194e-06 -3e-08 6.77682e-06
0.368 0.00379539 1.61034e-06 0.0113861 4.83101e-06 -7e-08 6.83209e-06
0.369 0.00383659 1.62343e-06 0.0115098 4.8703e-06 3e-08 6.88764e-06
0.37 0.00387813 1.63659e-06 0.0116344 4.90979e-06 1e-08 6.94348e-06
0.371 0.00392 1.64983e-06 0.01176 4.94949e-06 0 6.99964e-06
0.372 0.00396222 1.66314e-06 0.0118867 4.98942e-06 4e-08 7.05611e-06
0.373 0.00400477 1.67652e-06 0.0120143 5.02955e-06 -1e-08 7.11286e-06
0.374 0.00404767 1.68997e-06 0.012143 5.0699e-06 -1e-08 7.16993e-06
0.375 0.00409091 1.70349e-06 0.0122727 5.11046e-06 -3e-08 7.22729e-06
0.376 0.00413449 1.71708e-06 0.0124035 5.15125e-06 3e-08 7.28496e-06
0.377 0.00417842 1.73075e-06 0.0125353 5.19224e-06 4e-08 7.34294e-06
0.378 0.00422271 1.74449e-06 0.0126681 5.23346e-06 -3e-08 7.40124e-06
0.379 0.00426734 1.7583e-06 0.012802 5.27489e-06 -2e-08 7.45983e-06
0.38 0.00431232 1.77218e-06 0.012937 5.31654e-06 4e-08 7.51872e-06
0.381 0.00435766 1.78614e-06 0.013073 5.35841e-06 2e-08 7.57794e-06
0.382 0.00440336 1.80017e-06 0.0132101 5.40049e-06 2e-08 7.63746e-06
0.383 0.00444941 1.81427e-06 0.0133482 5.44281e-06 -3e-08 7.6973e-06
0.384 0.00449583 1.82844e-06 0.0134875 5.48533e-06 1e-08 7.75742e-06
0.385 0.00454261 1.84269e-06 0.0136278 5.52808e-06 -3e-08 7.81788e-06
0.386 0.00458975 1.85702e-06 0.0137692 5.57106e-06 -5e-08 7.87867e-06
0.387 0.00463726 1.87142e-06 0.0139118 5.61425e-06 2e-08 7.93976e-06
0.388 0.00468513 1.88589e-06 0.0140554 5.65766e-06 1e-08 8.00115e-06
0.389 0.00473338 1.90043e-06 0.0142001 5.7013e-06 -4e-08 8.06285e-06
0.39 0.00478199 1.91505e-06 0.014346 5.74516e-06 3e-08 8.12488e-06
0.391 0.00483098 1.92975e-06 0.0144929 5.78925e-06 -4e-08 8.18724e-06
0.392 0.00488035 1.94452e-06 0.014641 5.83356e-06 -5e-08 8.2499e-06
0.393 0.00493009 1.95937e-06 0.0147903 5.87811e-06 3e-08 8.3129e-06
0.394 0.00498021 1.97429e-06 0.0149406 5.92286e-06 -3e-08 8.3762e-06
0.395 0.00503072 1.98928e-06 0.0150922 5.96785e-06 4e-08 8.43981e-06
0.396 0.00508161 2.00436e-06 0.0152448 6.01307e-06 -3e-08 8.50377e-06
0.397 0.00513288 2.0195e-06 0.0153986 6.05852e-06 -4e-08 8.56803e-06
0.398 0.00518454 2.03473e-06 0.0155536 6.10418e-06 -2e-08 8.63262e-06
0.399 0.00523659 2.05003e-06 0.0157098 6.15009e-06 3e-08 8.69754e-06
0.4 0.00528902 2.06541e-06 0.0158671 6.19622e-06 4e-08 8.76279e-06
0.401 0.00534186 2.08086e-06 0.0160256 6.24258e-06 2e-08 8.82834e-06
0.402 0.00539508 2.09639e-06 0.0161853 6.28918e-06 6e-08 8.89424e-06
0.403 0.0054487 2.112e-06 0.0163461 6.336e-06 0 8.96046e-06
0.404 0.00550273 2.12769e-06 0.0165082 6.38306e-06 1e-08 9.02702e-06
0.405 0.00555715 2.14345e-06 0.0166715 6.43035e-06 5e-08 9.09389e-06
0.406 0.00561197 2.15929e-06 0.0168359 6.47787e-06 -1e-08 9.16109e-06
0.407 0.00566721 2.17521e-06 0.0170016 6.52563e-06 -3e-08 9.22863e-06
0.408 0.00572284 2.1912e-06 0.0171685 6.57361e-06 -2e-08 9.29648e-06
0.409 0.00577889 2.20728e-06 0.0173367 6.62184e-06 3e-08 9.3647e-06
0.41 0.00583534 2.22343e-06 0.017506 6.6703e-06 -2e-08 9.43322e-06
0.411 0.00589221 2.23966e-06 0.0176766 6.71899e-06 -3e-08 9.50208e-06
0.412 0.0059495 2.25597e-06 0.0178485 6.76793e-06 0 9.57128e-06
0.413 0.0060072 2.27236e-06 0.0180216 6.81709e-06 0 9.64081e-06
0.414 0.00606531 2.28883e-06 0.0181959 6.8665e-06 -3e-08 9.71069e-06
0.415 0.00612385 2.30538e-06 0.0183716 6.91614e-06 5e-08 9.7809e-06
0.416 0.00618282 2.32201e-06 0.0185485 6.96603e-06 4e-08 9.85145e-06
0.417 0.0062422 2.33871e-06 0.0187266 7.01614e-06 0 9.92231e-06
0.418 0.00630202 2.3555e-06 0.0189061 7.0665e-06 4e-08 9.99354e-06
0.419 0.00636226 2.37237e-06 0.0190868 7.11712e-06 2e-08 1.00651e-05
0.42 0.00642293 2.38932e-06 0.0192688 7.16795e-06 1e-08 1.0137e-05
0.421 0.00648404 2.40635e-06 0.0194521 7.21904e-06 -2e-08 1.02093e-05
0.422 0.00654558 2.42345e-06 0.0196367 7.27037e-06 -4e-08 1.02818e-05
0.423 0.00660756 2.44065e-06 0.0198227 7.32194e-06 2e-08 1.03548e-05
0.424 0.00666998 2.45792e-06 0.0200099 7.37374e-06 -4e-08 1.04281e-05
0.425 0.00673284 2.47527e-06 0.0201985 7.4258e-06 -2e-08 1.05017e-05
0.426 0.00679614 2.4927e-06 0.0203884 7.47811e-06 -2e-08 1.05756e-05
0.427 0.00685988 2.51022e-06 0.0205797 7.53065e-06 6e-08 1.065e-05
0.428 0.00692408 2.52781e-06 0.0207722 7.58345e-06 -4e-08 1.07246e-05
0.429 0.00698872 2.54549e-06 0.0209662 7.63648e-06 4e-08 1.07996e-05
0.43 0.00705382 2.56326e-06 0.0211615 7.68977e-06 4e-08 1.0875e-05
0.431 0.00711937 2.5811e-06 0.0213581 7.7433e-06 -1e-08 1.09507e-05
0.432 0.00718537 2.59903e-06 0.0215561 7.79708e-06 -1e-08 1.10267e-05
0.433 0.00725184 2.61704e-06 0.0217555 7.85111e-06 -2e-08 1.11032e-05
0.434 0.00731876 2.63513e-06 0.0219563 7.90538e-06 2e-08 1.11799e-05
0.435 0.00738614 2.6533e-06 0.0221584 7.95991e-06 -2e-08 1.1257e-05
0.436 0.00745399 2.67156e-06 0.022362 8.01469e-06 3e-08 1.13345e-05
0.437 0.00752231 2.68991e-06 0.0225669 8.06972e-06 -3e-08 1.14123e-05
0.438 0.00759109 2.70833e-06 0.0227733 8.125e-06 3e-08 1.14905e-05
0.439 0.00766035 2.72684e-06 0.022981 8.18052e-06 -5e-08 1.1569e-05
0.44 0.00773008 2.74544e-06 0.0231902 8.23631e-06 -4e-08 1.16479e-05
0.441 0.00780028 2.76412e-06 0.0234008 8.29235e-06 -4e-08 1.17272e-05
0.442 0.00787096 2.78288e-06 0.0236129 8.34864e-06 2e-08 1.18068e-05
0.443 0.00794212 2.80173e-06 0.0238264 8.40518e-06 4e-08 1.18867e-05
0.444 0.00801376 2.82066e-06 0.0240413 8.46198e-06 2e-08 1.1967e-05
0.445 0.00808588 2.83968e-06 0.0242576 8.51903e-06 -4e-08 1.20477e-05
0.446 0.00815849 2.85878e-06 0.0244755 8.57634e-06 3e-08 1.21288e-05
0.447 0.00823159 2.87797e-06 0.0246948 8.63391e-06 3e-08 1.22102e-05
0.448 0.00830518 2.89725e-06 0.0249155 8.69174e-06 -4e-08 1.2292e-05
0.449 0.00837926 2.91661e-06 0.0251378 8.74982e-06 2e-08 1.23741e-05
0.45 0.00845383 2.93605e-06 0.0253615 8.80815e-06 1e-08 1.24566e-05
0.451 0.0085289 2.95558e-06 0.0255867 8.86675e-06 -3.46945e-18 1.25395e-05
0.452 0.00860448 2.9752e-06 0.0258134 8.92561e-06 -4e-08 1.26227e-05
0.453 0.00868055 2.99491e-06 0.0260416 8.98473e-06 -5e-08 1.27063e-05
0.454 0.00875712 3.0147e-06 0.0262714 9.0441e-06 4e-08 1.27903e-05
0.455 0.0088342 3.03458e-06 0.0265026 9.10374e-06 0 1.28746e-05
0.456 0.00891179 3.05455e-06 0.0267354 9.16365e-06 3e-08 1.29594e-05
0.457 0.00898989 3.0746e-06 0.0269697 9.22381e-06 3e-08 1.30444e-05
0.458 0.0090685 3.09474e-06 0.0272055 9.28423e-06 0 1.31299e-05
0.459 0.00914762 3.11497e-06 0.0274429 9.34492e-06 4e-08 1.32157e-05
0.46 0.00922726 3.13529e-06 0.0276818 9.40587e-06 2e-08 1.33019e-05
0.461 0.00930742 3.1557e-06 0.0279223 9.4671e-06 4e-08 1.33885e-05
0.462 0.0093881 3.17619e-06 0.0281643 9.52858e-06 0 1.34754e-05
0.463 0.00946931 3.19677e-06 0.0284079 9.59032e-06 -3e-08 1.35628e-05
0.464 0.00955104 3.21745e-06 0.0286531 9.65233e-06 -2e-08 1.36505e-05
0.465 0.0096333 3.23821e-06 0.0288999 9.71462e-06 0 1.37386e-05
0.466 0.00971608 3.25906e-06 0.0291483 9.77717e-06 6e-08 1.3827e-05
0.467 0.0097994 3.27999e-06 0.0293982 9.83998e-06 0 1.39158e-05
0.468 0.00988326 3.30102e-06 0.0296498 9.90306e-06 2e-08 1.4005e-05
0.469 0.00996765 3.32214e-06 0.029903 9.96642e-06 5e-08 1.40946e-05
0.47 0.0100526 3.34335e-06 0.0301578 1.003e-05 0 1.41846e-05
0.471 0.0101381 3.36465e-06 0.0304142 1.00939e-05 -1e-07 1.4275e-05
0.472 0.0102241 3.38604e-06 0.0306722 1.01581e-05 -1e-07 1.43657e-05
0.473 0.0103106 3.40751e-06 0.0309319 1.02225e-05 1e-07 1.44568e-05
0.474 0.0103978 3.42908e-06 0.0311932 1.02872e-05 -2e-07 1.45483e-05
0.475 0.0104854 3.45074e-06 0.0314562 1.03522e-05 -6.93889e-18 1.46402e-05
0.476 0.0105736 3.47249e-06 0.0317209 1.04175e-05 1e-07 1.47325e-05
0.477 0.0106624 3.49433e-06 0.0319872 1.0483e-05 0 1.48252e-05
0.478 0.0107517 3.51627e-06 0.0322552 1.05488e-05 1e-07 1.49183e-05
0.479 0.0108416 3.53829e-06 0.0325249 1.06149e-05 1e-07 1.50117e-05
0.48 0.0109321 3.5604e-06 0.0327962 1.06812e-05 -1e-07 1.51055e-05
0.481 0.0110231 3.58261e-06 0.0330693 1.07479e-05 6.93889e-18 1.51998e-05
0.482 0.0111147 3.60492e-06 0.033344 1.08148e-05 -1e-07 1.52944e-05
0.483 0.0112068 3.62731e-06 0.0336205 1.08819e-05 1e-07 1.53894e-05
0.484 0.0112996 3.6498e-06 0.0338987 1.09494e-05 -1e-07 1.54848e-05
0.485 0.0113928 3.67238e-06 0.0341786 1.10171e-05 2e-07 1.55806e-05
0.486 0.0114867 3.69505e-06 0.0344602 1.10852e-05 1e-07 1.56768e-05
0.487 0.0115812 3.71781e-06 0.0347435 1.11534e-05 -1e-07 1.57733e-05
0.488 0.0116762 3.74067e-06 0.0350287 1.1222e-05 1e-07 1.58703e-05
0.489 0.0117718 3.76362e-06 0.0353155 1.12909e-05 1e-07 1.59677e-05
0.49 0.011868 3.78667e-06 0.0356041 1.136e-05 1e-07 1.60655e-05
0.491 0.0119648 3.8098e-06 0.0358945 1.14294e-05 1e-07 1.61636e-05
0.492 0.0120622 3.83304e-06 0.0361867 1.14991e-05 1e-07 1.62622e-05
0.493 0.0121602 3.85636e-06 0.0364806 1.15691e-05 0 1.63612e-05
0.494 0.0122588 3.87979e-06 0.0367763 1.16394e-05 -1e-07 1.64606e-05
0.495 0.0123579 3.9033e-06 0.0370738 1.17099e-05 1e-07 1.65603e-05
0.496 0.0124577 3.92692e-06 0.0373732 1.17808e-05 1e-07 1.66605e-05
0.497 0.0125581 3.95062e-06 0.0376743 1.18519e-05 0 1.67611e-05
0.498 0.0126591 3.97443e-06 0.0379772 1.19233e-05 -1e-07 1.68621e-05
0.499 0.0127607 3.99832e-06 0.038282 1.1995e-05 -1e-07 1.69635e-05
0.5 0.0128629 4.02213e-06 0.0385886 1.20664e-05 -1e-07 1.70645e-05
0.501 0.0637433 0.00114916 0.195265 0.00360993 0.0040351 0.00499166
0.502 0.0894333 0.00187925 0.27633 0.00596102 0.0080301 0.00820475
0.503 0.111839 0.00255546 0.347502 0.00814885 0.011985 0.0111883
0.504 0.132639 0.00318286 0.413816 0.0101917 0.015899 0.0139659
0.505 0.150574 0.00337286 0.471807 0.0109301 0.020085 0.0148947
0.506 0.16517 0.00372078 0.520183 0.0121265 0.024673 0.0164818
0.507 0.178634 0.00409803 0.565222 0.0134322 0.02932 0.018209
0.508 0.191426 0.00446842 0.608253 0.0147272 0.033975 0.0199146
0.509 0.203757 0.00483242 0.649878 0.0160073 0.038607 0.0215964
0.51 0.215745 0.00519179 0.690442 0.0172749 0.043207 0.0232597
0.511 0.227466 0.00554791 0.730168 0.0185327 0.04777 0.0249093
0.512 0.238973 0.00590174 0.769209 0.0197827 0.05229 0.0265486
0.513 0.250303 0.00625395 0.807677 0.0210264 0.056768 0.0281801
0.514 0.261486 0.00660502 0.845656 0.0222649 0.061198 0.0298054
0.515 0.272543 0.00695527 0.883213 0.023499 0.065584 0.0314259
0.516 0.283491 0.00730496 0.920398 0.0247294 0.069925 0.0330425
0.517 0.294346 0.00765426 0.957256 0.0259564 0.074218 0.0346558
0.518 0.305118 0.00800329 0.99382 0.0271805 0.078466 0.0362664
0.519 0.315817 0.00835217 1.03012 0.0284019 0.082669 0.0378747
0.52 0.326452 0.00870096 1.06618 0.0296209 0.086824 0.0394811
0.521 0.337028 0.00904971 1.10202 0.0308376 0.090936 0.0410857
0.522 0.347552 0.00939847 1.13766 0.0320522 0.095004 0.0426887
0.523 0.35803 0.00974726 1.17311 0.0332648 0.09902 0.0442903
0.524 0.368465 0.0100961 1.2084 0.0344755 0.103005 0.0458905
0.525 0.378862 0.0104451 1.24352 0.0356844 0.106934 0.0474898
0.526 0.389223 0.0107941 1.2785 0.0368916 0.110831 0.0490877
0.527 0.399553 0.0111433 1.31334 0.0380972 0.114681 0.0506849
0.528 0.409853 0.0114926 1.34804 0.0393012 0.118481 0.052281
0.529 0.420126 0.011842 1.38263 0.0405037 0.122252 0.0538762
0.53 0.430374 0.0121916 1.41709 0.0417047 0.125968 0.0554707
0.531 0.440599 0.0125413 1.45145 0.0429044 0.129653 0.0570644
0.532 0.450803 0.0128912 1.4857 0.0441026 0.133291 0.0586574
0.533 0.460987 0.0132412 1.51986 0.0452994 0.136899 0.0602495
0.534 0.471154 0.0135913 1.55392 0.0464947 0.140458 0.0618407
0.535 0.481304 0.0139415 1.58789 0.0476885 0.143978 0.0634309
0.536 0.491438 0.0142917 1.62178 0.0488807 0.147466 0.06502
0.537 0.501559 0.014642 1.65558 0.0500712 0.150903 0.0666079
0.538 0.511666 0.0149923 1.68931 0.05126 0.154312 0.0681946
0.539 0.521762 0.0153426 1.72296 0.0524472 0.157674 0.0697801
0.54 0.531846 0.0156929 1.75655 0.0536327 0.161012 0.0713644
0.541 0.54192 0.0160434 1.79006 0.0548171 0.1643 0.0729481
0.542 0.551984 0.0163943 1.82351 0.0560013 0.167558 0.0745326
0.543 0.562038 0.0167458 1.85689 0.057186 0.170776 0.0761186
0.544 0.572083 0.0170982 1.8902 0.0583724 0.173951 0.0777076
0.545 0.582119 0.0174518 1.92346 0.0595614 0.177103 0.079301
0.546 0.592147 0.0178068 1.95665 0.0607535 0.180209 0.0808995
0.547 0.602167 0.018163 1.98978 0.0619488 0.183279 0.0825028
0.548 0.612181 0.0185205 2.02286 0.0631467 0.186317 0.0841106
0.549 0.622189 0.0188787 2.05588 0.0643461 0.189313 0.0857209
0.55 0.632194 0.0192375 2.08887 0.0655457 0.192288 0.0873325
0.551 0.642196 0.0195963 2.12181 0.066744 0.195222 0.0889432
0.552 0.652196 0.0199547 2.15471 0.0679395 0.198122 0.090551
0.553 0.662196 0.0203123 2.18758 0.0691304 0.200992 0.0921538
0.554 0.672197 0.0206686 2.22042 0.0703157 0.203829 0.0937498
0.555 0.682199 0.0210237 2.25323 0.0714951 0.206633 0.0953389
0.556 0.692197 0.0213779 2.286 0.0726697 0.209409 0.0969227
0.557 0.702191 0.0217315 2.31872 0.0738406 0.212147 0.0985026
0.558 0.712176 0.0220848 2.35138 0.0750091 0.214852 0.10008
0.559 0.722151 0.0224384 2.38397 0.076177 0.217517 0.101658
0.56 0.732112 0.022793 2.41649 0.0773464 0.220154 0.103238
0.561 0.742056 0.0231488 2.44891 0.0785189 0.222742 0.104824
0.562 0.751982 0.0235059 2.48124 0.0796943 0.225294 0.106414
0.563 0.761899 0.0238634 2.51351 0.0808696 0.227813 0.108005
0.564 0.771819 0.0242189 2.54575 0.082037 0.230293 0.109586
0.565 0.781752 0.0245699 2.57801 0.0831874 0.232754 0.111145
0.566 0.791711 0.0249135 2.61033 0.0843106 0.235197 0.11267
0.567 0.801708 0.0252463 2.64276 0.0853953 0.237636 0.114143
0.568 0.811754 0.0255648 2.67532 0.0864293 0.240058 0.115551
0.569 0.821863 0.0258659 2.70808 0.0874014 0.242491 0.116878
0.57 0.832042 0.0261468 2.74105 0.088302 0.244924 0.118111
0.571 0.842291 0.0264071 2.77423 0.0891285 0.247357 0.119247
0.572 0.852609 0.0266494 2.80763 0.0898907 0.249803 0.1203
0.573 0.862995 0.0268763 2.84123 0.0906006 0.252245 0.121283
0.574 0.873448 0.027091 2.87504 0.091268 0.254696 0.122209
0.575 0.883968 0.0272964 2.90905 0.0919045 0.257146 0.123095
0.576 0.894552 0.0274962 2.94326 0.0925224 0.259604 0.123955
0.577 0.905201 0.0276939 2.97765 0.0931354 0.262047 0.124807
0.578 0.915913 0.0278942 3.01224 0.0937601 0.264501 0.125673
0.579 0.926686 0.0281022 3.04701 0.0944152 0.266952 0.126577
0.58 0.937521 0.0283237 3.08197 0.0951217 0.269407 0.127547
0.581 0.948415 0.0285652 3.1171 0.095903 0.271855 0.128612
0.582 0.959369 0.0288338 3.1524 0.0967849 0.274293 0.129807
0.583 0.970379 0.0291374 3.18788 0.0977956 0.276743 0.131167
0.584 0.981447 0.0294843 3.22352 0.0989653 0.279179 0.132733
0.585 0.99257 0.0298836 3.25932 0.100326 0.28161 0.134546
0.586 1.00375 0.0303448 3.29528 0.101912 0.28403 0.13665
0.587 1.01498 0.0308774 3.3314 0.103757 0.28646 0.139091
0.588 1.02626 0.0314857 3.36766 0.105875 0.28888 0.141886
0.589 1.03759 0.0321674 3.40407 0.108256 0.2913 0.145024
0.59 1.04898 0.0329169 3.44062 0.110879 0.29368 0.148478
0.591 1.06041 0.0337255 3.47731 0.113711 0.29608 0.152207
0.592 1.07189 0.0345816 3.51413 0.11671 0.29846 0.156154
0.593 1.08341 0.0354713 3.55108 0.119824 0.30085 0.160255
0.594 1.09498 0.0363786 3.58816 0.122995 0.30322 0.164434
0.595 1.1066 0.0372859 3.62536 0.126162 0.30556 0.168609
0.596 1.11826 0.0381747 3.66267 0.129256 0.30789 0.172693
0.597 1.12996 0.0390253 3.7001 0.132208 0.31022 0.176595
0.598 1.14169 0.0398193 3.73763 0.134953 0.31256 0.180229
0.599 1.15347 0.0405482 3.77527 0.137461 0.31486 0.183556
0.6 1.16529 0.0412094 3.813 0.139725 0.31713 0.186566
0.601 1.17714 0.0418011 3.85083 0.141738 0.31941 0.18925
0.602 1.18902 0.0423223 3.88875 0.143499 0.32169 0.191605
0.603 1.20095 0.0427728 3.92676 0.145006 0.32391 0.193629
0.604 1.2129 0.0431529 3.96485 0.146261 0.32615 0.195325
0.605 1.22488 0.0434632 4.00301 0.147268 0.32837 0.196696
0.606 1.2369 0.0437051 4.04125 0.148032 0.33055 0.197749
0.607 1.24894 0.04388 4.07955 0.148559 0.33273 0.198491
0.608 1.26101 0.0439897 4.11792 0.148855 0.33489 0.198931
0.609 1.27311 0.0440363 4.15634 0.148929 0.33701 0.199079
0.61 1.28523 0.0440224 4.19482 0.14879 0.33913 0.198948
0.611 1.29737 0.0439504 4.23334 0.148447 0.34123 0.198548
0.612 1.30954 0.0438231 4.27192 0.147911 0.3433 0.197894
0.613 1.32173 0.0436438 4.31053 0.147194 0.34534 0.197
0.614 1.33393 0.0434154 4.34917 0.146306 0.34738 0.195881
0.615 1.34616 0.0431415 4.38784 0.145261 0.34936 0.194555
0.616 1.3584 0.0428257 4.42654 0.144072 0.35134 0.193037
0.617 1.37065 0.0424718 4.46526 0.142753 0.35331 0.191346
0.618 1.38292 0.0420836 4.50399 0.141318 0.35523 0.189499
0.619 1.3952 0.0416653 4.54274 0.139782 0.35714 0.187518
0.62 1.40749 0.0412213 4.58149 0.138162 0.35902 0.185422
0.621 1.41979 0.0407558 4.62024 0.136472 0.36087 0.183232
0.622 1.4321 0.0402736 4.65898 0.134731 0.36268 0.18097
0.623 1.44441 0.0397793 4.69771 0.132955 0.36448 0.178658
0.624 1.45673 0.0392778 4.73643 0.131162 0.36624 0.176318
0.625 1.46905 0.0387741 4.77513 0.12937 0.36798 0.173975
0.626 1.48137 0.0382732 4.81381 0.127599 0.3697 0.171654
0.627 1.4937 0.0377801 4.85245 0.125865 0.37135 0.169375
0.628 1.50602 0.0373 4.89106 0.124189 0.373 0.167166
0.629 1.51834 0.036838 4.92962 0.122589 0.3746 0.16505
0.63 1.53065 0.036399 4.96814 0.121081 0.37619 0.163048
0.631 1.54296 0.0359879 5.00661 0.119685 0.37773 0.161185
0.632 1.55526 0.0356092 5.04502 0.118417 0.37924 0.159483
0.633 1.56755 0.0352673 5.08337 0.117291 0.38072 0.15796
0.634 1.57983 0.0349661 5.12166 0.116321 0.38217 0.156634
0.635 1.5921 0.034709 5.15987 0.11552 0.38357 0.155523
0.636 1.60436 0.0344991 5.198 0.114896 0.38492 0.154638
0.637 1.6166 0.0343386 5.23604 0.114457 0.38624 0.153989
0.638 1.62882 0.0342291 5.274 0.114208 0.38754 0.153584
0.639 1.64102 0.0341716 5.31187 0.11415 0.38881 0.153426
0.64 1.6532 0.0341663 5.34963 0.114282 0.39003 0.153514
0.641 1.66536 0.0342125 5.38729 0.114601 0.39121 0.153844
0.642 1.6775 0.034309 5.42483 0.115099 0.39233 0.154408
0.643 1.68961 0.0344537 5.46226 0.115768 0.39343 0.155196
0.644 1.7017 0.0346437 5.49957 0.116595 0.39447 0.156192
0.645 1.71375 0.034876 5.53675 0.117567 0.3955 0.157382
0.646 1.72578 0.0351465 5.57379 0.118669 0.39645 0.158745
0.647 1.73777 0.0354513 5.6107 0.119885 0.39739 0.160261
0.648 1.74973 0.0357861 5.64746 0.121198 0.39827 0.16191
0.649 1.76166 0.0361469 5.68408 0.122595 0.3991 0.163673
0.65 1.77356 0.03653 5.72057 0.124061 0.39989 0.165533
0.651 1.78542 0.0369318 5.75692 0.125584 0.40066 0.167472
0.652 1.79726 0.037349 5.79312 0.127151 0.40134 0.169475
0.653 1.80906 0.0377785 5.8292 0.128753 0.40202 0.171529
0.654 1.82083 0.0382175 5.86513 0.130378 0.40264 0.173619
0.655 1.83257 0.0386634 5.90094 0.132018 0.40323 0.175734
0.656 1.84427 0.0391136 5.93661 0.133664 0.4038 0.177862
0.657 1.85595 0.0395659 5.97214 0.135309 0.40429 0.179994
0.658 1.8676 0.0400184 6.00755 0.136945 0.40475 0.182119
0.659 1.87921 0.040469 6.04282 0.138567 0.40519 0.184229
0.66 1.8908 0.0409163 6.07797 0.140168 0.40557 0.186318
0.661 1.90236 0.0413584 6.11299 0.141744 0.40591 0.188377
0.662 1.91388 0.0417942 6.14787 0.143289 0.40623 0.190401
0.663 1.92538 0.0422222 6.18264 0.144801 0.4065 0.192384
0.664 1.93685 0.0426414 6.21728 0.146275 0.40673 0.194322
0.665 1.94829 0.0430507 6.25179 0.147707 0.40692 0.196208
0.666 1.9597 0.0434492 6.28618 0.149095 0.40708 0.19804
0.667 1.97109 0.043836 6.32045 0.150437 0.40718 0.199814
0.668 1.98244 0.0442105 6.3546 0.151729 0.40728 0.201526
0.669 1.99377 0.0445718 6.38863 0.15297 0.40732 0.203174
0.67 2.00507 0.0449195 6.42254 0.154159 0.40733 0.204756
0.671 2.01634 0.0452531 6.45633 0.155292 0.40731 0.206267
0.672 2.02759 0.045572 6.49 0.15637 0.40723 0.207709
0.673 2.03881 0.0458759 6.52356 0.157391 0.40713 0.209077
0.674 2.05 0.0461644 6.55701 0.158355 0.40701 0.210373
0.675 2.06117 0.0464372 6.59034 0.159259 0.40683 0.211592
0.676 2.07231 0.0466941 6.62357 0.160104 0.40664 0.212735
0.677 2.08343 0.0469349 6.65668 0.160889 0.40639 0.213802
0.678 2.09452 0.0471593 6.68968 0.161614 0.40612 0.214791
0.679 2.10559 0.0473674 6.72257 0.162278 0.4058 0.215702
0.68 2.11663 0.0475589 6.75536 0.162882 0.40547 0.216534
0.681 2.12765 0.0477337 6.78804 0.163425 0.40509 0.217288
0.682 2.13864 0.047892 6.82062 0.163907 0.4047 0.217964
0.683 2.14961 0.0480336 6.85309 0.164328 0.40426 0.218561
0.684 2.16056 0.0481585 6.88546 0.164689 0.40378 0.219079
0.685 2.17148 0.0482669 6.91773 0.16499 0.40329 0.21952
0.686 2.18239 0.0483587 6.94991 0.165232 0.40274 0.219883
0.687 2.19326 0.048434 6.98198 0.165414 0.4022 0.220169
0.688 2.20412 0.048493 7.01396 0.165537 0.4016 0.220378
0.689 2.21496 0.0485358 7.04584 0.165602 0.40096 0.220512
0.69 2.22577 0.0485624 7.07763 0.165609 0.40032 0.22057
0.691 2.23657 0.0485731 7.10932 0.165559 0.39961 0.220554
0.692 2.24734 0.048568 7.14092 0.165453 0.3989 0.220464
0.693 2.25809 0.0485473 7.17244 0.165291 0.39817 0.220301
0.694 2.26882 0.0485112 7.20386 0.165075 0.3974 0.220068
0.695 2.27954 0.0484599 7.2352 0.164805 0.39658 0.219763
0.696 2.29023 0.0483936 7.26645 0.164482 0.39576 0.21939
0.697 2.30091 0.0483126 7.29762 0.164106 0.39489 0.218947
0.698 2.31156 0.0482172 7.3287 0.16368 0.39402 0.218438
0.699 2.3222 0.0481075 7.3597 0.163204 0.3931 0.217864
0.7 2.33282 0.0479839 7.39062 0.162679 0.39216 0.217225
0.701 2.34343 0.0478467 7.42147 0.162106 0.39118 0.216523
0.702 2.35401 0.047696 7.45223 0.161486 0.3902 0.215759
0.703 2.36458 0.0475324 7.48292 0.16082 0.38918 0.214935
0.704 2.37514 0.047356 7.51353 0.16011 0.38811 0.214053
0.705 2.38568 0.0471672 7.54408 0.159357 0.38704 0.213113
0.706 2.3962 0.0469663 7.57455 0.158562 0.38595 0.212119
0.707 2.40671 0.0467537 7.60495 0.157727 0.38482 0.211071
0.708 2.4172 0.0465298 7.63528 0.156852 0.38368 0.209971
0.709 2.42768 0.0462949 7.66554 0.155939 0.3825 0.20882
0.71 2.43815 0.0460493 7.69574 0.15499 0.38129 0.207622
0.711 2.4486 0.0457935 7.72588 0.154005 0.38008 0.206376
0.712 2.45904 0.0455278 7.75595 0.152987 0.37883 0.205085
0.713 2.46947 0.0452527 7.78596 0.151937 0.37755 0.203753
0.714 2.47988 0.0449686 7.81591 0.150856 0.37627 0.202379
0.715 2.49028 0.0446758 7.84581 0.149746 0.37497 0.200966
0.716 2.50067 0.0443749 7.87564 0.148608 0.37363 0.199516
0.717 2.51105 0.0440662 7.90543 0.147445 0.37228 0.198032
0.718 2.52143 0.0437502 7.93516 0.146257 0.37087 0.196514
0.719 2.53179 0.0434273 7.96484 0.145047 0.36947 0.194967
0.72 2.54214 0.0430981 7.99447 0.143815 0.36805 0.19339
0.721 2.55248 0.0427629 8.02405 0.142565 0.36661 0.191788
0.722 2.56281 0.0424223 8.05358 0.141297 0.36515 0.190162
0.723 2.57314 0.0420768 8.08307 0.140014 0.36365 0.188515
0.724 2.58345 0.0417268 8.11252 0.138716 0.36217 0.186848
0.725 2.59376 0.0413728 8.14193 0.137407 0.36065 0.185165
0.726 2.60407 0.0410154 8.17129 0.136088 0.35908 0.183467
0.727 2.61437 0.040655 8.20062 0.13476 0.35751 0.181757
0.728 2.62466 0.0402922 8.22991 0.133426 0.35593 0.180038
0.729 2.63494 0.0399275 8.25917 0.132088 0.35435 0.178312
0.73 2.64522 0.0395615 8.28839 0.130747 0.35273 0.176581
0.731 2.6555 0.0391946 8.31759 0.129407 0.35109 0.174849
0.732 2.66577 0.0388275 8.34675 0.128067 0.34944 0.173117
0.733 2.67604 0.0384606 8.37589 0.126732 0.34777 0.171388
0.734 2.68631 0.0380946 8.40499 0.125402 0.34606 0.169666
0.735 2.69657 0.0377299 8.43408 0.12408 0.34437 0.167952
0.736 2.70683 0.0373671 8.46314 0.122768 0.34265 0.166249
0.737 2.71709 0.0370068 8.49218 0.121467 0.34091 0.164559
0.738 2.72735 0.0366495 8.52121 0.120181 0.33916 0.162887
0.739 2.73761 0.0362958 8.55021 0.11891 0.33738 0.161233
0.74 2.74787 0.0359462 8.57921 0.117658 0.3356 0.159601
0.741 2.75813 0.0356013 8.60819 0.116425 0.3338 0.157993
0.742 2.76839 0.0352616 8.63715 0.115215 0.33198 0.156413
0.743 2.77865 0.0349275 8.66611 0.114029 0.33016 0.154861
0.744 2.78892 0.0345998 8.69506 0.112868 0.3283 0.153341
0.745 2.79918 0.0342787 8.724 0.111735 0.32646 0.151855
0.746 2.80945 0.0339649 8.75294 0.110632 0.32459 0.150406
0.747 2.81973 0.0336588 8.78188 0.10956 0.32269 0.148995
0.748 2.83 0.0333608 8.81082 0.108521 0.32082 0.147626
0.749 2.84029 0.0330714 8.83976 0.107516 0.31889 0.146298
0.75 2.85057 0.032791 8.8687 0.106548 0.31699 0.145016
0.751 2.86087 0.03252 8.89765 0.105617 0.31504 0.143781
0.752 2.87117 0.0322587 8.9266 0.104725 0.31309 0.142594
0.753 2.88148 0.0320075 8.95557 0.103872 0.31113 0.141456
0.754 2.89179 0.0317666 8.98454 0.103061 0.30917 0.14037
0.755 2.90211 0.0315363 9.01353 0.102291 0.3072 0.139335
0.756 2.91244 0.0313168 9.04254 0.101564 0.30522 0.138354
0.757 2.92278 0.0311084 9.07156 0.100879 0.30322 0.137427
0.758 2.93313 0.030911 9.1006 0.100238 0.30121 0.136554
0.759 2.94349 0.0307249 9.12967 0.0996405 0.2992 0.135737
0.76 2.95386 0.0305501 9.15875 0.0990864 0.29717 0.134974
0.761 2.96425 0.0303866 9.18787 0.0985758 0.29512 0.134266
0.762 2.97464 0.0302343 9.21701 0.0981082 0.29309 0.133612
0.763 2.98505 0.0300931 9.24618 0.0976831 0.29103 0.133013
0.764 2.99547 0.029963 9.27538 0.0972998 0.28897 0.132466
0.765 3.00591 0.0298437 9.30462 0.0969573 0.28689 0.131972
0.766 3.01635 0.029735 9.33389 0.0966547 0.28484 0.131528
0.767 3.02682 0.0296366 9.36319 0.0963905 0.28273 0.131134
0.768 3.0373 0.0295482 9.39255 0.0961634 0.28065 0.130787
0.769 3.04779 0.0294695 9.42194 0.0959718 0.27857 0.130486
0.77 3.05831 0.0293999 9.45137 0.095814 0.27644 0.130229
0.771 3.06884 0.0293392 9.48085 0.0956879 0.27433 0.130013
0.772 3.07939 0.0292867 9.51038 0.0955916 0.27221 0.129835
0.773 3.08995 0.029242 9.53997 0.095523 0.27012 0.129694
0.774 3.10054 0.0292045 9.5696 0.0954799 0.26798 0.129586
0.775 3.11115 0.0291737 9.59929 0.0954599 0.26584 0.129509
0.776 3.12177 0.0291491 9.62904 0.095461 0.26373 0.12946
0.777 3.13242 0.02913 9.65884 0.0954811 0.26158 0.129436
0.778 3.14309 0.0291162 9.68871 0.0955184 0.25944 0.129435
0.779 3.15378 0.029107 9.71863 0.095571 0.25729 0.129456
0.78 3.1645 0.029102 9.74862 0.0956371 0.25512 0.129494
0.781 3.17523 0.0291007 9.77866 0.0957149 0.25297 0.129549
0.782 3.18598 0.0291027 9.80876 0.0958028 0.25082 0.129618
0.783 3.19676 0.0291076 9.83893 0.0958992 0.24865 0.129699
0.784 3.20756 0.029115 9.86916 0.0960025 0.24648 0.129791
0.785 3.21838 0.0291244 9.89944 0.0961115 0.2443 0.12989
0.786 3.22922 0.0291355 9.92979 0.0962246 0.24213 0.129996
0.787 3.24008 0.0291479 9.96021 0.0963406 0.23997 0.130107
0.788 3.25097 0.0291614 9.99068 0.0964584 0.23777 0.130222
0.789 3.26188 0.0291756 10.0212 0.0965768 0.23556 0.130338
0.79 3.27281 0.0291902 10.0518 0.0966948 0.23337 0.130455
0.791 3.28376 0.029205 10.0825 0.0968114 0.23122 0.130571
0.792 3.29474 0.0292197 10.1132 0.0969257 0.22898 0.130686
0.793 3.30573 0.029234 10.144 0.0970369 0.22681 0.130797
0.794 3.31676 0.0292477 10.1748 0.0971442 0.22452 0.130904
0.795 3.3278 0.0292607 10.2058 0.0972469 0.2224 0.131006
0.796 3.33887 0.0292727 10.2368 0.0973444 0.22019 0.131103
0.797 3.34996 0.0292836 10.2678 0.097436 0.21792 0.131193
0.798 3.36107 0.0292932 10.2989 0.0975213 0.21569 0.131275
0.799 3.37221 0.0293014 10.3301 0.0975998 0.21347 0.13135
0.8 3.38337 0.029308 10.3614 0.0976711 0.21129 0.131416
0.801 3.39455 0.029313 10.3927 0.0977349 0.20905 0.131474
0.802 3.40576 0.0293161 10.4241 0.0977907 0.20682 0.131522
0.803 3.41699 0.0293175 10.4555 0.0978385 0.20453 0.13156
0.804 3.42824 0.0293169 10.487 0.0978779 0.20228 0.131588
0.805 3.43952 0.0293144 10.5186 0.0979089 0.20004 0.131606
0.806 3.45082 0.0293098 10.5503 0.0979312 0.19784 0.131613
0.807 3.46215 0.0293031 10.582 0.0979449 0.19555 0.13161
0.808 3.4735 0.0292944 10.6138 0.0979498 0.1933 0.131596
0.809 3.48487 0.0292836 10.6457 0.0979461 0.19109 0.131572
0.81 3.49627 0.0292707 10.6776 0.0979337 0.18879 0.131537
0.811 3.5077 0.0292558 10.7096 0.0979128 0.1865 0.131492
0.812 3.51915 0.0292387 10.7417 0.0978834 0.18425 0.131435
0.813 3.53062 0.0292197 10.7739 0.0978457 0.18204 0.131369
0.814 3.54212 0.0291987 10.8061 0.0978 0.17974 0.131293
0.815 3.55364 0.0291757 10.8384 0.0977465 0.17748 0.131207
0.816 3.56519 0.0291509 10.8707 0.0976853 0.17513 0.131112
0.817 3.57677 0.0291242 10.9032 0.0976168 0.17289 0.131008
0.818 3.58837 0.0290959 10.9357 0.0975414 0.17059 0.130895
0.819 3.59999 0.0290659 10.9683 0.0974593 0.16833 0.130774
0.82 3.61164 0.0290344 11.001 0.097371 0.16608 0.130645
0.821 3.62332 0.0290014 11.0337 0.0972769 0.16374 0.130509
0.822 3.63502 0.0289671 11.0665 0.0971773 0.16144 0.130366
0.823 3.64675 0.0289317 11.0994 0.0970728 0.15915 0.130217
0.824 3.6585 0.0288951 11.1324 0.0969638 0.1569 0.130063
0.825 3.67028 0.0288576 11.1654 0.0968509 0.15456 0.129904
0.826 3.68209 0.0288193 11.1985 0.0967346 0.15223 0.12974
0.827 3.69393 0.0287804 11.2317 0.0966155 0.14991 0.129574
0.828 3.70579 0.0287409 11.265 0.096494 0.14763 0.129404
0.829 3.71767 0.0287011 11.2983 0.0963708 0.14529 0.129233
0.83 3.72959 0.0286612 11.3317 0.0962466 0.14293 0.12906
0.831 3.74153 0.0286212 11.3652 0.0961219 0.14061 0.128887
0.832 3.7535 0.0285815 11.3988 0.0959974 0.1383 0.128715
0.833 3.76549 0.0285421 11.4325 0.0958739 0.13603 0.128544
0.834 3.77751 0.0285032 11.4662 0.0957518 0.13367 0.128376
0.835 3.78956 0.028465 11.5001 0.095632 0.13142 0.12821
0.836 3.80164 0.0284278 11.534 0.0955151 0.12908 0.128048
0.837 3.81374 0.0283918 11.5679 0.095402 0.12668 0.127892
0.838 3.82588 0.028357 11.602 0.0952931 0.12436 0.127741
0.839 3.83804 0.0283238 11.6362 0.0951895 0.12208 0.127598
0.84 3.85023 0.0282923 11.6704 0.0950917 0.11971 0.127462
0.841 3.86244 0.0282628 11.7047 0.0950006 0.11738 0.127335
0.842 3.87469 0.0282355 11.7391 0.0949168 0.11503 0.127218
0.843 3.88696 0.0282105 11.7736 0.0948411 0.11272 0.127111
0.844 3.89927 0.0281881 11.8081 0.0947744 0.11029 0.127017
0.845 3.9116 0.0281685 11.8428 0.0947172 0.108 0.126935
0.846 3.92396 0.0281519 11.8775 0.0946704 0.10562 0.126867
0.847 3.93635 0.0281385 11.9123 0.0946347 0.10325 0.126814
0.848 3.94876 0.0281286 11.9472 0.0946109 0.10092 0.126776
0.849 3.96121 0.0281222 11.9822 0.0945996 0.09857 0.126755
0.85 3.97369 0.0281198 12.0173 0.0946016 0.09623 0.126752
0.851 3.98619 0.0281213 12.0525 0.0946176 0.09393 0.126767
0.852 3.99873 0.0281271 12.0877 0.0946482 0.09151 0.126801
0.853 4.01129 0.0281373 12.123 0.0946942 0.08913 0.126856
0.854 4.02389 0.0281522 12.1585 0.0947561 0.08683 0.126932
0.855 4.03652 0.0281718 12.194 0.0948346 0.08444 0.127029
0.856 4.04917 0.0281964 12.2296 0.0949303 0.08209 0.12715
0.857 4.06186 0.0282262 12.2653 0.0950438 0.07972 0.127294
0.858 4.07457 0.0282613 12.3011 0.0951755 0.07739 0.127462
0.859 4.08732 0.0283018 12.3369 0.095326 0.07494 0.127656
0.86 4.1001 0.0283479 12.3729 0.0954959 0.0726 0.127875
0.861 4.1129 0.0283998 12.409 0.0956855 0.0703 0.12812
0.862 4.12575 0.0284575 12.4451 0.0958953 0.06785 0.128391
0.863 4.13861 0.0285212 12.4813 0.0961257 0.06547 0.128691
0.864 4.15152 0.028591 12.5177 0.0963769 0.06314 0.129017
0.865 4.16445 0.028667 12.5541 0.0966493 0.06075 0.129373
0.866 4.17741 0.0287493 12.5906 0.0969432 0.05837 0.129756
0.867 4.19041 0.0288379 12.6272 0.0972587 0.05597 0.130169
0.868 4.20344 0.028933 12.6639 0.0975962 0.05358 0.13061
0.869 4.2165 0.0290345 12.7007 0.0979557 0.0512 0.131081
0.87 4.22959 0.0291425 12.7376 0.0983373 0.04883 0.131582
0.871 4.24271 0.0292571 12.7746 0.0987411 0.04647 0.132112
0.872 4.25587 0.0293782 12.8117 0.0991671 0.04409 0.132672
0.873 4.26906 0.0295058 12.8489 0.0996152 0.04172 0.133261
0.874 4.28228 0.0296401 12.8862 0.100086 0.03936 0.133881
0.875 4.29554 0.0297808 12.9235 0.100578 0.03688 0.134529
0.876 4.30882 0.0299281 12.961 0.101092 0.03454 0.135207
0.877 4.32214 0.0300818 12.9986 0.101628 0.03218 0.135914
0.878 4.3355 0.0302419 13.0363 0.102185 0.0298 0.136649
0.879 4.34888 0.0304084 13.074 0.102764 0.02736 0.137414
0.88 4.3623 0.0305812 13.1119 0.103364 0.025 0.138206
0.881 4.37576 0.0307601 13.1499 0.103984 0.02262 0.139026
0.882 4.38924 0.0309451 13.188 0.104624 0.02028 0.139873
0.883 4.40277 0.0311362 13.2261 0.105284 0.01779 0.140748
0.884 4.41632 0.0313331 13.2644 0.105964 0.01544 0.141648
0.885 4.42991 0.0315357 13.3028 0.106663 0.01307 0.142575
0.886 4.44354 0.031744 13.3413 0.10738 0.01068 0.143526
0.887 4.45719 0.0319578 13.3799 0.108115 0.00833 0.144501
0.888 4.47089 0.0321769 13.4185 0.108867 0.00583 0.1455
0.889 4.48462 0.0324011 13.4573 0.109637 0.00344 0.146522
0.89 4.49838 0.0326304 13.4962 0.110422 0.00106 0.147566
0.891 4.51218 0.0328646 13.5352 0.111224 -0.00134 0.148632
0.892 4.52601 0.0331034 13.5744 0.11204 -0.00363 0.149718
0.893 4.53988 0.0333467 13.6136 0.112871 -0.00604 0.150824
0.894 4.55379 0.0335944 13.6529 0.113715 -0.00847 0.151949
0.895 4.56773 0.0338461 13.6923 0.114573 -0.01089 0.153091
0.896 4.5817 0.0341018 13.7319 0.115443 -0.0132 0.154251
0.897 4.59572 0.0343612 13.7715 0.116325 -0.01566 0.155428
0.898 4.60976 0.0346242 13.8113 0.117217 -0.01798 0.156618
0.899 4.62385 0.0348904 13.8511 0.11812 -0.02045 0.157824
0.9 4.63797 0.0351598 13.8911 0.119033 -0.02281 0.159043
0.901 4.65213 0.0354321 13.9312 0.119954 -0.02519 0.160274
0.902 4.66632 0.035707 13.9714 0.120883 -0.02756 0.161517
0.903 4.68055 0.0359844 14.0117 0.12182 -0.02995 0.16277
0.904 4.69482 0.0362641 14.0521 0.122763 -0.03236 0.164032
0.905 4.70913 0.0365458 14.0926 0.123712 -0.03479 0.165303
0.906 4.72347 0.0368293 14.1333 0.124666 -0.03711 0.166581
0.907 4.73785 0.0371144 14.174 0.125624 -0.03955 0.167865
0.908 4.75227 0.0374009 14.2149 0.126585 -0.04191 0.169154
0.909 4.76673 0.0376885 14.2559 0.12755 -0.04429 0.170449
0.91 4.78122 0.037977 14.297 0.128516 -0.04666 0.171746
0.911 4.79576 0.0382662 14.3382 0.129483 -0.04908 0.173045
0.912 4.81033 0.0385558 14.3795 0.130451 -0.05149 0.174346
0.913 4.82494 0.0388457 14.421 0.131418 -0.05382 0.175646
0.914 4.83959 0.0391356 14.4625 0.132384 -0.05627 0.176946
0.915 4.85427 0.0394253 14.5042 0.133348 -0.05861 0.178244
0.916 4.869 0.0397145 14.546 0.134309 -0.061 0.179539
0.917 4.88377 0.0400031 14.5879 0.135267 -0.06341 0.18083
0.918 4.89857 0.0402908 14.63 0.13622 -0.06571 0.182115
0.919 4.91342 0.0405773 14.6721 0.137169 -0.06816 0.183396
0.92 4.9283 0.0408626 14.7144 0.138112 -0.0705 0.184669
0.921 4.94322 0.0411462 14.7568 0.139048 -0.07286 0.185934
0.922 4.95819 0.0414281 14.7993 0.139976 -0.07527 0.187189
0.923 4.97319 0.0417079 14.8419 0.140897 -0.07767 0.188435
0.924 4.98824 0.0419855 14.8847 0.141809 -0.08002 0.18967
0.925 5.00332 0.0422607 14.9276 0.142711 -0.08236 0.190893
0.926 5.01845 0.0425332 14.9706 0.143603 -0.08475 0.192103
0.927 5.03361 0.0428028 15.0137 0.144485 -0.08713 0.193299
0.928 5.04882 0.0430693 15.057 0.145354 -0.08946 0.19448
0.929 5.06407 0.0433325 15.1003 0.146211 -0.09191 0.195645
0.93 5.07936 0.0435922 15.1438 0.147054 -0.09428 0.196793
0.931 5.09469 0.0438481 15.1875 0.147884 -0.09657 0.197923
0.932 5.11007 0.0441001 15.2312 0.148699 -0.09901 0.199035
0.933 5.12548 0.0443479 15.2751 0.149498 -0.10134 0.200126
0.934 5.14094 0.0445913 15.3191 0.150282 -0.10372 0.201197
0.935 5.15644 0.0448301 15.3632 0.151049 -0.10612 0.202246
0.936 5.17198 0.0450642 15.4075 0.151798 -0.10844 0.203272
0.937 5.18756 0.0452932 15.4519 0.15253 -0.11078 0.204276
0.938 5.20319 0.0455171 15.4964 0.153242 -0.11317 0.205254
0.939 5.21886 0.0457355 15.5411 0.153935 -0.11548 0.206208
0.94 5.23457 0.0459484 15.5859 0.154608 -0.11781 0.207135
0.941 5.25033 0.0461554 15.6308 0.15526 -0.12019 0.208035
0.942 5.26613 0.0463565 15.6758 0.155891 -0.12259 0.208907
0.943 5.28197 0.0465514 15.721 0.156499 -0.12491 0.20975
0.944 5.29786 0.0467399 15.7663 0.157085 -0.12728 0.210564
0.945 5.31379 0.0469218 15.8118 0.157647 -0.12957 0.211347
0.946 5.32976 0.047097 15.8574 0.158186 -0.13188 0.212099
0.947 5.34578 0.0472653 15.9031 0.158699 -0.13424 0.212818
0.948 5.36185 0.0474264 15.9489 0.159188 -0.13665 0.213505
0.949 5.37796 0.0475802 15.9949 0.159651 -0.13898 0.214157
0.95 5.39411 0.0477265 16.041 0.160087 -0.14133 0.214775
0.951 5.41031 0.0478651 16.0873 0.160497 -0.14363 0.215358
0.952 5.42655 0.0479959 16.1337 0.160878 -0.14595 0.215903
0.953 5.44284 0.0481188 16.1802 0.161232 -0.14832 0.216413
0.954 5.45917 0.0482334 16.2269 0.161557 -0.15061 0.216884
0.955 5.47555 0.0483397 16.2737 0.161853 -0.15295 0.217318
0.956 5.49198 0.0484374 16.3207 0.162119 -0.15524 0.217711
0.957 5.50845 0.0485265 16.3678 0.162354 -0.15755 0.218065
0.958 5.52497 0.0486068 16.415 0.162559 -0.15991 0.218378
0.959 5.54153 0.0486782 16.4624 0.162733 -0.16219 0.218651
0.96 5.55814 0.0487404 16.5099 0.162875 -0.16452 0.218881
0.961 5.5748 0.0487933 16.5576 0.162985 -0.1668 0.219069
0.962 5.59151 0.0488369 16.6054 0.163063 -0.16913 0.219214
0.963 5.60826 0.0488709 16.6533 0.163107 -0.17148 0.219315
0.964 5.62506 0.0488953 16.7014 0.163118 -0.17378 0.219372
0.965 5.6419 0.0489099 16.7497 0.163095 -0.176 0.219385
0.966 5.6588 0.0489146 16.7981 0.163038 -0.1783 0.219352
0.967 5.67574 0.0489093 16.8466 0.162947 -0.18062 0.219273
0.968 5.69273 0.0488938 16.8953 0.16282 -0.18289 0.219148
0.969 5.70977 0.0488682 16.9441 0.162659 -0.18521 0.218977
0.97 5.72686 0.0488322 16.9931 0.162462 -0.18748 0.218758
0.971 5.744 0.0487859 17.0422 0.16223 -0.1898 0.218493
0.972 5.76118 0.0487291 17.0915 0.161961 -0.19204 0.218179
0.973 5.77841 0.0486618 17.1409 0.161657 -0.19433 0.217818
0.974 5.7957 0.0485839 17.1905 0.161317 -0.1966 0.217409
0.975 5.81303 0.0484954 17.2402 0.160941 -0.19889 0.216952
0.976 5.83041 0.0483962 17.2901 0.160529 -0.20113 0.216447
0.977 5.84785 0.0482864 17.3401 0.16008 -0.20345 0.215893
0.978 5.86533 0.0481658 17.3903 0.159595 -0.20569 0.215291
0.979 5.88286 0.0480346 17.4406 0.159074 -0.20798 0.21464
0.98 5.90044 0.0478927 17.4911 0.158517 -0.21022 0.213942
0.981 5.91808 0.0477401 17.5418 0.157925 -0.21244 0.213196
0.982 5.93576 0.047577 17.5926 0.157297 -0.21468 0.212402
0.983 5.9535 0.0474033 17.6435 0.156633 -0.217 0.21156
0.984 5.97128 0.0472192 17.6946 0.155936 -0.21924 0.210673
0.985 5.98912 0.0470248 17.7459 0.155204 -0.22146 0.209739
0.986 6.00701 0.0468202 17.7973 0.154438 -0.22373 0.208759
0.987 6.02495 0.0466056 17.8489 0.153639 -0.22595 0.207735
0.988 6.04294 0.0463811 17.9007 0.152808 -0.22812 0.206667
0.989 6.06099 0.046147 17.9526 0.151946 -0.23037 0.205557
0.99 6.07909 0.0459034 18.0047 0.151054 -0.23257 0.204405
0.991 6.09724 0.0456507 18.0569 0.150132 -0.23482 0.203213
0.992 6.11544 0.0453891 18.1093 0.149182 -0.23702 0.201982
0.993 6.1337 0.0451191 18.1618 0.148206 -0.2393 0.200715
0.994 6.15201 0.0448409 18.2145 0.147204 -0.24153 0.199413
0.995 6.17037 0.044555 18.2674 0.14618 -0.24371 0.198078
0.996 6.18878 0.0442619 18.3205 0.145133 -0.24584 0.196712
0.997 6.20725 0.0439621 18.3737 0.144067 -0.24805 0.195318
0.998 6.22578 0.0436562 18.4271 0.142984 -0.25024 0.1939
0.999 6.24435 0.0433448 18.4806 0.141887 -0.25245 0.19246
1 6.26299 0.0430285 18.5343 0.140777 -0.25467 0.191001
3.14084 0 0 0 0 0 0
3.15021 0 0 0 0 0 0
3.15961 0 0 0 0 0 0
3.16903 0 0 0 0 0 0
3.17848 0 0 0 0 0 0
3.18797 0 0 0 0 0 0
3.19748 0 0 0 0 0 0
3.20701 0 0 0 0 0 0
3.21658 0 0 0 0 0 0
3.22617 0 0 0 0 0 0
3.23579 0 0 0 0 0 0
3.24544 0 0 0 0 0 0
3.25512 0 0 0 0 0 0
3.26483 0 0 0 0 0 0
3.27457 0 0 0 0 0 0
3.28433 0 0 0 0 0 0
3.29412 0 0 0 0 0 0
3.30395 0 0 0 0 0 0
3.3138 0 0 0 0 0 0
3.32368 0 0 0 0 0 0
3.33359 0 0 0 0 0 0
3.34353 0 0 0 0 0 0
3.3535 0 0 0 0 0 0
3.3635 0 0 0 0 0 0
3.37353 0 0 0 0 0 0
3.38359 0 0 0 0 0 0
3.39368 0 0 0 0 0 0
3.4038 0 0 0 0 0 0
3.41395 0 0 0 0 0 0
3.42413 0 0 0 0 0 0
