1.158951e-01 0.00481731 3.120240e+01 1.19589 1
1.235473e-01 0.00514545 3.187035e+01 1.22403 1
1.316560e-01 0.0054909 3.254844e+01 1.25246 1
1.402081e-01 0.00585964 3.323378e+01 1.28145 1
1.492423e-01 0.0062474 3.392781e+01 1.31065 1
1.587812e-01 0.00665991 3.463053e+01 1.34041 1
1.688484e-01 0.00709556 3.534195e+01 1.37049 1
1.794685e-01 0.00755548 3.606206e+01 1.40093 1
1.906667e-01 0.00804223 3.679086e+01 1.43182 1
2.024694e-01 0.00855564 3.752836e+01 1.46306 1
2.149039e-01 0.00909743 3.827455e+01 1.49466 1
2.279735e-01 0.0096701 3.902799e+01 1.52672 1
2.417567e-01 0.0102728 3.979157e+01 1.5591 1
2.562598e-01 0.0109081 4.056384e+01 1.59182 1
2.715144e-01 0.0115805 4.134481e+01 1.62512 1
2.875822e-01 0.0122873 4.213591e+01 1.6587 1
3.044399e-01 0.0130283 4.293427e+01 1.6925 1
3.221508e-01 0.0138117 4.374131e+01 1.72687 1
3.407836e-01 0.0146335 4.455850e+01 1.76154 1
3.603121e-01 0.0155003 4.538293e+01 1.79663 1
3.808417e-01 0.0164095 4.621751e+01 1.83205 1
4.023802e-01 0.0173668 4.706078e+01 1.86798 1
4.249695e-01 0.0183695 4.791274e+01 1.90412 1
4.486921e-01 0.0194262 4.877484e+01 1.94077 1
4.735159e-01 0.020532 4.964419e+01 1.9777 1
4.995673e-01 0.0216924 5.052369e+01 2.015 1
5.268986e-01 0.0229116 5.141332e+01 2.05274 1
5.554745e-01 0.0241866 5.231020e+01 2.09078 1
5.854350e-01 0.0255243 5.321722e+01 2.12923 1
6.167902e-01 0.0269285 5.413293e+01 2.16809 1
6.495957e-01 0.0283929 5.505734e+01 2.20717 1
6.839086e-01 0.02993 5.599044e+01 2.24672 1
7.198417e-01 0.0315404 5.693369e+01 2.28671 1
7.574067e-01 0.0332253 5.788563e+01 2.32703 1
7.966672e-01 0.0349818 5.884626e+01 2.36757 1
8.377481e-01 0.0368196 5.981703e+01 2.40849 1
8.806626e-01 0.0387441 6.079650e+01 2.44987 1
9.254187e-01 0.0407534 6.178321e+01 2.49157 1
9.722131e-01 0.042853 6.278006e+01 2.53364 1
1.021128e+00 0.0450444 6.378706e+01 2.57606 1
1.072109e+00 0.0473318 6.480130e+01 2.61879 1
1.125304e+00 0.0497137 6.582423e+01 2.66179 1
1.180795e+00 0.0522077 6.685586e+01 2.70526 1
1.238670e+00 0.0548033 6.789618e+01 2.74904 1
1.299019e+00 0.05751 6.894520e+01 2.79314 1
1.361935e+00 0.0603292 7.000291e+01 2.83751 1
1.427431e+00 0.063263 7.106786e+01 2.88217 1
1.495771e+00 0.0663196 7.214296e+01 2.92716 1
1.566800e+00 0.0695003 7.322385e+01 2.97247 1
1.640793e+00 0.0728074 7.431343e+01 3.018 1
1.717765e+00 0.0762535 7.541026e+01 3.06393 1
1.797918e+00 0.0798287 7.651578e+01 3.11002 1
1.881172e+00 0.0835479 7.762710e+01 3.1564 1
1.967837e+00 0.0874241 7.874711e+01 3.20321 1
2.057827e+00 0.0914347 7.987292e+01 3.25008 1
2.151364e+00 0.0956009 8.100597e+01 3.29726 1
2.248462e+00 0.0999239 8.214482e+01 3.34461 1
2.349354e+00 0.104411 8.329091e+01 3.39222 1
2.453941e+00 0.109059 8.444135e+01 3.43998 1
2.562581e+00 0.11388 8.559903e+01 3.48798 1
2.675171e+00 0.118873 8.676106e+01 3.53614 1
2.791963e+00 0.12404 8.792889e+01 3.5844 1
2.912840e+00 0.129398 8.909961e+01 3.63293 1
3.038194e+00 0.134929 9.027613e+01 3.68143 1
3.167901e+00 0.140658 9.145555e+01 3.73017 1
3.302236e+00 0.146573 9.263931e+01 3.77889 1
3.441058e+00 0.15269 9.382453e+01 3.82776 1
3.584797e+00 0.158999 9.501409e+01 3.87665 1
3.733306e+00 0.165515 9.620510e+01 3.92556 1
3.886725e+00 0.172235 9.739755e+01 3.97449 1
4.045038e+00 0.17917 9.859001e+01 4.02347 1
4.208548e+00 0.186308 9.978392e+01 4.07232 1
4.377406e+00 0.193658 1.009793e+02 4.1211 1
4.551254e+00 0.201231 1.021717e+02 4.16988 1
4.730569e+00 0.209022 1.033642e+02 4.21852 1
4.915145e+00 0.217022 1.045537e+02 4.267 1
5.105297e+00 0.22524 1.057419e+02 4.31524 1
5.300984e+00 0.233689 1.069271e+02 4.36342 1
5.502154e+00 0.242355 1.081079e+02 4.41131 1
5.708738e+00 0.251247 1.092830e+02 4.45897 1
5.921057e+00 0.260354 1.104537e+02 4.50635 1
6.139039e+00 0.269685 1.116187e+02 4.55339 1
6.362599e+00 0.279242 1.127763e+02 4.60017 1
6.591634e+00 0.288996 1.139253e+02 4.6464 1
6.826464e+00 0.298969 1.150671e+02 4.69227 1
7.066758e+00 0.309146 1.161987e+02 4.73765 1
7.312606e+00 0.319534 1.173201e+02 4.78253 1
7.563865e+00 0.330146 1.184300e+02 4.82704 1
7.820376e+00 0.340952 1.195268e+02 4.87093 1
8.082439e+00 0.351926 1.206121e+02 4.9141 1
8.349641e+00 0.363094 1.216828e+02 4.95666 1
8.621777e+00 0.374463 1.227376e+02 4.99863 1
8.898876e+00 0.385985 1.237765e+02 5.03982 1
9.180709e+00 0.397664 1.247980e+02 5.08017 1
9.467284e+00 0.409515 1.258021e+02 5.11983 1
9.758075e+00 0.421492 1.267859e+02 5.15855 1
1.005333e+01 0.433635 1.277509e+02 5.19655 1
1.035220e+01 0.445854 1.286927e+02 5.23335 1
1.065490e+01 0.458214 1.296127e+02 5.26936 1
1.096110e+01 0.470663 1.305096e+02 5.30431 1
1.127043e+01 0.483217 1.313819e+02 5.33831 1
1.158250e+01 0.495801 1.322280e+02 5.37102 1
1.189720e+01 0.508458 1.330481e+02 5.40266 1
1.221379e+01 0.521165 1.338392e+02 5.43321 1
1.253212e+01 0.533897 1.346014e+02 5.46253 1
1.285200e+01 0.5466 1.353345e+02 5.49042 1
1.317265e+01 0.559315 1.360358e+02 5.51714 1
1.349352e+01 0.572016 1.367037e+02 5.54258 1
1.381470e+01 0.58464 1.373398e+02 5.56653 1
1.413560e+01 0.5972 1.379426e+02 5.5891 1
1.445533e+01 0.609666 1.385091e+02 5.61016 1
1.477359e+01 0.622044 1.390394e+02 5.62985 1
1.508973e+01 0.634286 1.395320e+02 5.648 1
1.540341e+01 0.646369 1.399870e+02 5.66456 1
1.571428e+01 0.658297 1.404043e+02 5.67959 1
1.602130e+01 0.670037 1.407810e+02 5.69305 1
1.632409e+01 0.681528 1.411171e+02 5.70472 1
1.662223e+01 0.692815 1.414127e+02 5.71488 1
1.691495e+01 0.703851 1.416663e+02 5.72336 1
1.720182e+01 0.714615 1.418778e+02 5.73019 1
1.748238e+01 0.725055 1.420473e+02 5.73514 1
1.775548e+01 0.735206 1.421719e+02 5.73851 1
1.802132e+01 0.745034 1.422545e+02 5.74021 1
1.827874e+01 0.754483 1.422922e+02 5.74005 1
1.852755e+01 0.763568 1.422864e+02 5.73819 1
1.876694e+01 0.772243 1.422357e+02 5.73452 1
1.899638e+01 0.780539 1.421401e+02 5.72923 1
1.921568e+01 0.788413 1.420010e+02 5.7222 1
1.942401e+01 0.795826 1.418170e+02 5.71335 1
1.962119e+01 0.802778 1.415895e+02 5.70277 1
1.980636e+01 0.809295 1.413171e+02 5.69063 1
1.997968e+01 0.815291 1.410027e+02 5.67659 1
2.014033e+01 0.820809 1.406448e+02 5.66099 1
2.028814e+01 0.825858 1.402449e+02 5.64388 1
2.042297e+01 0.83036 1.398044e+02 5.62501 1
2.054403e+01 0.834363 1.393219e+02 5.60465 1
2.065152e+01 0.837864 1.388003e+02 5.58286 1
2.074501e+01 0.840816 1.382396e+02 5.55948 1
2.082474e+01 0.843217 1.376426e+02 5.53458 1
2.088999e+01 0.845101 1.370080e+02 5.50834 1
2.094136e+01 0.846455 1.363401e+02 5.48079 0
2.097820e+01 0.847299 1.356373e+02 5.45205 0
2.100112e+01 0.847596 1.349042e+02 5.422 0
2.100984e+01 0.847362 1.341406e+02 5.39077 0
2.100472e+01 0.846638 1.333495e+02 5.35859 0
2.098556e+01 0.84537 1.325309e+02 5.32524 0
2.095304e+01 0.843403 1.316890e+02 5.28638 0
2.090702e+01 0.839425 1.308240e+02 5.22299 0
2.085558e+01 0.83321 1.300431e+02 5.14061 0
2.079957e+01 0.827342 1.293157e+02 5.07698 0
2.073757e+01 0.822401 1.286043e+02 5.03245 0
2.066872e+01 0.817759 1.278958e+02 4.99522 0
2.059351e+01 0.813211 1.271887e+02 4.96175 0
2.051126e+01 0.808714 1.264773e+02 4.93082 0
2.042244e+01 0.804178 1.257630e+02 4.90142 0
2.032636e+01 0.799643 1.250414e+02 4.87346 0
2.022358e+01 0.795028 1.243155e+02 4.84633 0
2.011384e+01 0.790339 1.235838e+02 4.81991 0
1.999740e+01 0.78556 1.228478e+02 4.79408 0
1.987424e+01 0.780679 1.221074e+02 4.76871 0
1.974484e+01 0.775702 1.213655e+02 4.7438 0
1.960896e+01 0.770602 1.206208e+02 4.7192 0
1.946711e+01 0.7654 1.198760e+02 4.69504 0
1.931958e+01 0.760073 1.191327e+02 4.67117 0
1.916690e+01 0.754642 1.183938e+02 4.64771 0
1.900917e+01 0.749088 1.176592e+02 4.62461 0
1.884697e+01 0.74341 1.169318e+02 4.60181 0
1.868090e+01 0.737642 1.162146e+02 4.57953 0
1.851137e+01 0.731786 1.155090e+02 4.55778 0
1.833881e+01 0.725834 1.148164e+02 4.53654 0
1.816387e+01 0.719816 1.141398e+02 4.51595 0
1.798724e+01 0.713724 1.134820e+02 4.49592 0
1.780963e+01 0.707598 1.128459e+02 4.47672 0
1.763115e+01 0.701455 1.122301e+02 4.45836 0
1.745289e+01 0.695306 1.116404e+02 4.44091 0
1.727509e+01 0.689135 1.110768e+02 4.42429 0
1.709943e+01 0.683037 1.105450e+02 4.40888 0
1.692397e+01 0.676915 1.100379e+02 4.39443 0
1.674488e+01 0.670473 1.095482e+02 4.38059 0
1.656301e+01 0.663979 1.090802e+02 4.36784 0
1.638088e+01 0.658025 1.086440e+02 4.35685 0
1.620105e+01 0.6523 1.082485e+02 4.34746 0
1.602635e+01 0.645791 1.079022e+02 4.33905 0
1.585928e+01 0.639205 1.076095e+02 4.33274 0
1.570297e+01 0.633383 1.073777e+02 4.32888 0
1.555943e+01 0.628625 1.072038e+02 4.3271 0
1.543056e+01 0.624654 1.070865e+02 4.32711 0
1.531533e+01 0.621117 1.070184e+02 4.32832 0
1.521183e+01 0.617913 1.069908e+02 4.33058 0
1.511873e+01 0.615049 1.070010e+02 4.33375 0
1.503411e+01 0.612485 1.070430e+02 4.33762 0
1.495625e+01 0.610142 1.071154e+02 4.34208 0
1.488348e+01 0.607915 1.072198e+02 4.34751 0
1.481508e+01 0.605679 1.073617e+02 4.35408 0
1.475193e+01 0.603533 1.075458e+02 4.36241 0
1.469598e+01 0.601556 1.077805e+02 4.3726 0
1.464906e+01 0.599904 1.080717e+02 4.38527 0
1.461382e+01 0.598724 1.084281e+02 4.40068 0
1.459370e+01 0.5982 1.088599e+02 4.41915 0
1.459273e+01 0.598524 1.093757e+02 4.44093 0
