0.5 0 0
0.501481 0.00296733 1.20118e-18
0.502963 0.00594328 3.99264e-18
0.504444 0.00892769 4.7768e-18
0.505926 0.0119204 1.4287e-17
0.507407 0.0149213 2.21606e-17
0.508889 0.0179301 3.15575e-18
0.51037 0.0209468 2.20319e-17
0.511852 0.0239712 2.19682e-17
0.513333 0.027003 6.2583e-18
0.514815 0.0300422 3.11942e-17
0.516296 0.0330886 1.24448e-17
0.517778 0.036142 4.9628e-17
0.519259 0.0392022 1.85592e-17
0.520741 0.0422691 4.31863e-17
0.522222 0.0453426 3.69078e-17
0.523704 0.0484224 3.08177e-17
0.525185 0.0515084 7.95205e-17
0.526667 0.0546004 5.48945e-17
0.528148 0.0576982 3.64937e-17
0.52963 0.0608018 7.30355e-17
0.531111 0.0639108 6.04881e-17
0.532593 0.0670252 8.44506e-17
0.534074 0.0701448 0
0.535556 0.0732694 7.19779e-17
0.537037 0.0763989 5.98207e-17
0.538519 0.079533 7.25694e-17
0.54 0.0826717 5.94925e-18
0.541481 0.0858147 9.49248e-17
0.542963 0.0889618 2.01228e-16
0.544444 0.092113 1.18014e-17
0.545926 0.095268 1.65665e-16
0.547407 0.0984267 1.52639e-16
0.548889 0.101589 9.36437e-17
0.55037 0.104754 1.16743e-16
0.551852 0.107923 2.32886e-17
0.553333 0.111095 2.32262e-16
0.554815 0.114269 1.62083e-16
0.556296 0.117446 1.38615e-16
0.557778 0.120626 9.21514e-17
0.559259 0.123808 1.39783e-16
0.560741 0.126992 6.8745e-17
0.562222 0.130179 2.51383e-16
0.563704 0.133367 1.59934e-16
0.565185 0.13656 1.26729e-06
0.566667 0.139977 8.62394e-05
0.568148 0.143408 0.000174167
0.56963 0.146854 0.000265708
0.571111 0.150314 0.000359888
0.572593 0.153789 0.000456815
0.574074 0.157277 0.000556726
0.575556 0.16078 0.000661914
0.577037 0.164298 0.000769899
0.578519 0.16783 0.000876309
0.58 0.171377 0.000987409
0.581481 0.174939 0.00110329
0.582963 0.178515 0.00122291
0.584444 0.182105 0.00134673
0.585926 0.18571 0.00147233
0.587407 0.18933 0.0016036
0.588889 0.192964 0.00173421
0.59037 0.196613 0.00186793
0.591852 0.200275 0.00200598
0.593333 0.203953 0.00214709
0.594815 0.207644 0.00229871
0.596296 0.211349 0.00245205
0.597778 0.215068 0.00260463
0.599259 0.218801 0.00276758
0.600741 0.222548 0.00293095
0.602222 0.226308 0.00309598
0.603704 0.230081 0.00326511
0.605185 0.233868 0.00343708
0.606667 0.237667 0.00360699
0.608148 0.241479 0.00379677
0.60963 0.245303 0.00398441
0.611111 0.249138 0.00417963
0.612593 0.252986 0.00437993
0.614074 0.256845 0.00457324
0.615556 0.260715 0.00476441
0.617037 0.264596 0.00494506
0.618519 0.268487 0.00515838
0.62 0.272387 0.0053647
0.621481 0.276298 0.00557719
0.622963 0.280217 0.00579223
0.624444 0.284144 0.00600624
0.625926 0.288079 0.00622043
0.627407 0.292022 0.00642769
0.628889 0.295972 0.00665045
0.63037 0.299928 0.00687218
0.631852 0.303889 0.00710927
0.633333 0.307856 0.00733239
0.634815 0.311826 0.00754396
0.636296 0.315801 0.00779295
0.637778 0.319778 0.00803389
0.639259 0.323758 0.0082911
0.640741 0.327738 0.00855636
0.642222 0.33172 0.00880772
0.643704 0.335701 0.00904411
0.645185 0.339681 0.00927139
0.646667 0.343659 0.00951022
0.648148 0.347634 0.00973197
0.64963 0.351605 0.0100542
0.651111 0.355571 0.0103044
0.652593 0.359532 0.0105727
0.654074 0.363485 0.0108071
0.655556 0.367431 0.0110595
0.657037 0.371367 0.011321
0.658519 0.375293 0.0115656
0.66 0.379208 0.0118091
0.661481 0.383111 0.0120962
0.662963 0.386999 0.0123597
0.664444 0.390873 0.0126332
0.665926 0.39473 0.0128831
0.667407 0.398571 0.0131541
0.668889 0.402392 0.0134238
0.67037 0.406193 0.0136592
0.671852 0.409973 0.0139046
0.673333 0.41373 0.014138
0.674815 0.417463 0.0144361
0.676296 0.42117 0.0147548
0.677778 0.42485 0.0149738
0.679259 0.428502 0.0151592
0.680741 0.432124 0.0153438
0.682222 0.435714 0.0156362
0.683704 0.439272 0.0159599
0.685185 0.442795 0.0161957
0.686667 0.446282 0.0163768
0.688148 0.449733 0.0166325
0.68963 0.453144 0.0168979
0.691111 0.456514 0.0171515
0.692593 0.459843 0.0174039
0.694074 0.463129 0.0177195
0.695556 0.466369 0.0180124
0.697037 0.469563 0.0182723
0.698519 0.472709 0.0184357
0.7 0.475806 0.0187042
0.701481 0.478851 0.0188237
0.702963 0.481845 0.0189428
0.704444 0.484784 0.0190928
0.705926 0.487668 0.0193151
0.707407 0.490495 0.0193481
0.708889 0.493264 0.0193706
0.71037 0.495974 0.0195911
0.711852 0.498622 0.0195506
0.713333 0.501209 0.0195934
0.714815 0.503732 0.0198017
0.716296 0.50619 0.0199988
0.717778 0.508582 0.0202262
0.719259 0.510907 0.0204018
0.720741 0.513164 0.0204534
0.722222 0.515351 0.0207509
0.723704 0.517468 0.020996
0.725185 0.519514 0.0210463
0.726667 0.521487 0.0212391
0.728148 0.523387 0.0212177
0.72963 0.525213 0.021095
0.731111 0.526964 0.021145
0.732593 0.528639 0.0212555
0.734074 0.530237 0.0214261
0.735556 0.531759 0.021244
0.737037 0.533203 0.021384
0.738519 0.534569 0.0215435
0.74 0.535856 0.0218224
0.741481 0.537065 0.0219705
0.742963 0.538194 0.0219987
0.744444 0.539243 0.0219573
0.745926 0.540213 0.0219757
0.747407 0.541103 0.0220237
0.748889 0.541913 0.0222493
0.75037 0.542644 0.0223066
0.751852 0.543294 0.0224719
0.753333 0.543865 0.0226759
0.754815 0.544356 0.0228497
0.756296 0.544768 0.0233062
0.757778 0.545101 0.0233513
0.759259 0.545355 0.0233089
0.760741 0.545531 0.0234414
0.762222 0.54563 0.023428
0.763704 0.545652 0.0234148
0.765185 0.545593 0.023643
0.766667 0.545435 0.0234947
0.768148 0.545192 0.023645
0.76963 0.544874 0.023833
0.771111 0.544488 0.023963
0.772593 0.544024 0.0241975
0.774074 0.543489 0.0243262
0.775556 0.542889 0.0245592
0.777037 0.542227 0.0246297
0.778519 0.541502 0.0247758
0.78 0.540717 0.0251862
0.781481 0.539871 0.0254251
0.782963 0.538967 0.0257101
0.784444 0.538004 0.025947
0.785926 0.536978 0.0260421
0.787407 0.535883 0.0261929
0.788889 0.534737 0.0263711
0.79037 0.533539 0.0266979
0.791852 0.532291 0.0270979
0.793333 0.530995 0.0271059
0.794815 0.529652 0.0275221
0.796296 0.52825 0.0276496
0.797778 0.526789 0.0278874
0.799259 0.525269 0.028032
0.800741 0.523711 0.0283695
0.802222 0.522117 0.0283838
0.803704 0.52048 0.0283797
0.805185 0.518793 0.0286137
0.806667 0.517077 0.0286547
0.808148 0.515332 0.0288963
0.80963 0.513548 0.0291825
0.811111 0.511718 0.0295312
0.812593 0.509813 0.0297788
0.814074 0.507843 0.0302066
0.815556 0.505792 0.0303433
0.817037 0.503736 0.0307955
0.818519 0.501682 0.0311421
0.82 0.499591 0.03135
0.821481 0.49749 0.0316847
0.822963 0.495365 0.0322707
0.824444 0.493192 0.0322878
0.825926 0.491009 0.0322765
0.827407 0.488828 0.0325279
0.828889 0.486673 0.0329793
0.83037 0.484516 0.0333408
0.831852 0.482383 0.0337081
0.833333 0.480277 0.0341649
0.834815 0.478198 0.0343692
0.836296 0.476146 0.0346304
0.837778 0.47412 0.0347538
0.839259 0.472091 0.0351163
0.840741 0.470059 0.0349421
0.842222 0.468009 0.0349779
0.843704 0.465968 0.0348197
0.845185 0.46395 0.0348299
0.846667 0.461962 0.0348813
0.848148 0.459991 0.0347819
0.84963 0.458021 0.0348404
0.851111 0.456047 0.0351929
0.852593 0.454124 0.0353128
0.854074 0.452265 0.0354398
0.855556 0.45047 0.03559
0.857037 0.448715 0.0358961
0.858519 0.447007 0.0359731
0.86 0.44534 0.0360981
0.861481 0.443715 0.0363316
0.862963 0.442155 0.0368856
0.864444 0.440652 0.0371205
0.865926 0.439203 0.0377107
0.867407 0.437807 0.0383681
0.868889 0.436472 0.0390824
0.87037 0.435187 0.0397013
0.871852 0.433982 0.0404585
0.873333 0.432832 0.0415527
0.874815 0.431722 0.0425818
0.876296 0.43067 0.04376
0.877778 0.429642 0.0449545
0.879259 0.428702 0.0465048
0.880741 0.427808 0.0481387
0.882222 0.427009 0.0496638
0.883704 0.426325 0.0513124
0.885185 0.425736 0.0529935
0.886667 0.42527 0.0549516
0.888148 0.424896 0.0572049
0.88963 0.424622 0.0593057
0.891111 0.42448 0.0615312
0.892593 0.424447 0.0639487
0.894074 0.424547 0.0665642
0.895556 0.424787 0.0691304
0.897037 0.425167 0.0718004
0.898519 0.425689 0.0747655
0.9 0.426355 0.0778092
