0.5 0 0
0.501481 0.00296733 1.60118e-18
0.502963 0.00594328 3.99264e-18
0.504444 0.00892769 3.18355e-18
0.505926 0.0119204 1.4287e-17
0.507407 0.0149213 1.89927e-17
0.508889 0.0179301 6.31295e-18
0.51037 0.0209468 1.88824e-17
0.511852 0.0239712 2.19682e-17
0.513333 0.027003 3.12843e-18
0.514815 0.0300422 3.11942e-17
0.516296 0.0330886 1.24448e-17
0.517778 0.036142 4.34335e-17
0.519259 0.0392022 1.85592e-17
0.520741 0.0422691 4.31863e-17
0.522222 0.0453426 3.69078e-17
0.523704 0.0484224 3.69309e-17
0.525185 0.0515084 7.33992e-17
0.526667 0.0546004 6.70886e-17
0.528148 0.0576982 3.64937e-17
0.52963 0.0608018 7.30355e-17
0.531111 0.0639108 6.04881e-17
0.532593 0.0670252 7.23783e-17
0.534074 0.0701448 2.40638e-17
0.535556 0.0732694 7.19779e-17
0.537037 0.0763989 5.98207e-17
0.538519 0.079533 8.43692e-17
0.54 0.0826717 5.94925e-18
0.541481 0.0858147 9.49248e-17
0.542963 0.0889618 2.01228e-16
0.544444 0.092113 1.18014e-17
0.545926 0.095268 1.54068e-16
0.547407 0.0984267 1.40866e-16
0.548889 0.101589 9.36437e-17
0.55037 0.104754 1.16743e-16
0.551852 0.107923 4.65638e-17
0.553333 0.111095 2.32262e-16
0.554815 0.114269 1.62083e-16
0.556296 0.117446 1.38615e-16
0.557778 0.120626 1.38702e-16
0.559259 0.123808 1.62429e-16
0.560741 0.126992 6.8745e-17
0.562222 0.130179 2.74308e-16
0.563704 0.133367 1.59934e-16
0.565185 0.13662 5.22282e-05
0.566667 0.139924 0.000141996
0.568148 0.14324 0.000234879
0.56963 0.146567 0.000330782
0.571111 0.149904 0.000429534
0.572593 0.153253 0.000531034
0.574074 0.156613 0.000635774
0.575556 0.159984 0.000743423
0.577037 0.163366 0.000854473
0.578519 0.16676 0.000968567
0.58 0.170165 0.00108567
0.581481 0.173581 0.00120604
0.582963 0.177009 0.00132935
0.584444 0.180449 0.00145581
0.585926 0.183899 0.00158534
0.587407 0.187362 0.00171804
0.588889 0.190836 0.0018562
0.59037 0.194321 0.00199671
0.591852 0.197818 0.00214041
0.593333 0.201326 0.0022886
0.594815 0.204845 0.00243824
0.596296 0.208376 0.0025909
0.597778 0.211918 0.00274693
0.599259 0.215471 0.00290898
0.600741 0.219036 0.00307031
0.602222 0.222611 0.00323494
0.603704 0.226198 0.00340619
0.605185 0.229795 0.00358474
0.606667 0.233403 0.00376047
0.608148 0.237022 0.00393671
0.60963 0.240651 0.0041269
0.611111 0.24429 0.00431725
0.612593 0.247939 0.00450605
0.614074 0.251598 0.00469362
0.615556 0.255267 0.004885
0.617037 0.258946 0.00507279
0.618519 0.262634 0.00526738
0.62 0.26633 0.00545971
0.621481 0.270036 0.00565615
0.622963 0.27375 0.00586001
0.624444 0.277472 0.00607458
0.625926 0.281202 0.00629322
0.627407 0.28494 0.00650091
0.628889 0.288685 0.00672196
0.63037 0.292437 0.00695707
0.631852 0.296196 0.00718352
0.633333 0.29996 0.0074207
0.634815 0.303731 0.00764059
0.636296 0.307507 0.00787653
0.637778 0.311287 0.00812822
0.639259 0.315072 0.00835862
0.640741 0.318861 0.00858275
0.642222 0.322654 0.00880735
0.643704 0.326449 0.00905041
0.645185 0.330247 0.00930668
0.646667 0.334047 0.00957201
0.648148 0.337848 0.00981497
0.64963 0.34165 0.0100554
0.651111 0.345452 0.0102972
0.652593 0.349253 0.0105446
0.654074 0.353053 0.0108104
0.655556 0.356852 0.011062
0.657037 0.360647 0.0113126
0.658519 0.36444 0.0116211
0.66 0.368228 0.0118527
0.661481 0.372012 0.0121303
0.662963 0.37579 0.0124508
0.664444 0.379562 0.0126728
0.665926 0.383327 0.0129437
0.667407 0.387084 0.0132122
0.668889 0.390832 0.0134476
0.67037 0.394571 0.0136909
0.671852 0.398298 0.0139221
0.673333 0.402015 0.0141304
0.674815 0.405719 0.0143863
0.676296 0.40941 0.0146596
0.677778 0.413086 0.0148901
0.679259 0.416747 0.0151481
0.680741 0.420392 0.0154235
0.682222 0.42402 0.0156555
0.683704 0.427629 0.0159456
0.685185 0.43122 0.0162329
0.686667 0.434789 0.0164973
0.688148 0.438338 0.0167493
0.68963 0.441863 0.0169781
0.691111 0.445366 0.0172147
0.692593 0.448843 0.017418
0.694074 0.452295 0.0176089
0.695556 0.45572 0.0178482
0.697037 0.459116 0.018075
0.698519 0.462484 0.0182992
0.7 0.465821 0.0185116
0.701481 0.469127 0.0187318
0.702963 0.4724 0.0188995
0.704444 0.475639 0.0191059
0.705926 0.478844 0.0193208
0.707407 0.482012 0.0194122
0.708889 0.485143 0.0196549
0.71037 0.488236 0.0198355
0.711852 0.491289 0.020015
0.713333 0.494301 0.0201635
0.714815 0.497272 0.0203825
0.716296 0.500199 0.0205504
0.717778 0.503083 0.0207388
0.719259 0.505921 0.0209884
0.720741 0.508714 0.0211165
0.722222 0.511458 0.0213369
0.723704 0.514155 0.0216296
0.725185 0.516802 0.0218118
0.726667 0.519398 0.0220565
0.728148 0.521943 0.0221409
0.72963 0.524435 0.0222279
0.731111 0.526874 0.022419
0.732593 0.529258 0.0225029
0.734074 0.531587 0.0226199
0.735556 0.53386 0.0228271
0.737037 0.536075 0.0229611
0.738519 0.538233 0.0232067
0.74 0.540331 0.0235578
0.741481 0.54237 0.0237651
0.742963 0.544349 0.0238302
0.744444 0.546266 0.0239528
0.745926 0.548122 0.0239166
0.747407 0.549915 0.0240858
0.748889 0.551646 0.0243219
0.75037 0.553312 0.0244888
0.751852 0.554915 0.0246265
0.753333 0.556453 0.0247455
0.754815 0.557926 0.0249512
0.756296 0.559333 0.025261
0.757778 0.560673 0.0255046
0.759259 0.561944 0.0256834
0.760741 0.56315 0.0259471
0.762222 0.564289 0.0260926
0.763704 0.565362 0.0265041
0.765185 0.566368 0.0267874
0.766667 0.567307 0.027038
0.768148 0.568179 0.0273677
0.76963 0.568984 0.0276987
0.771111 0.569723 0.0278927
0.772593 0.570394 0.0280466
0.774074 0.570999 0.0281345
0.775556 0.571537 0.0284748
0.777037 0.572008 0.0287305
0.778519 0.572403 0.028836
0.78 0.572732 0.0292431
0.781481 0.572986 0.0295961
0.782963 0.573168 0.0300415
0.784444 0.573283 0.0303582
0.785926 0.573324 0.0306791
0.787407 0.573302 0.0309658
0.788889 0.573219 0.0313325
0.79037 0.573077 0.0318224
0.791852 0.572875 0.0320999
0.793333 0.572614 0.0323906
0.794815 0.572295 0.0327599
0.796296 0.571918 0.0331049
0.797778 0.571485 0.0335001
0.799259 0.570995 0.0340146
0.800741 0.570449 0.0344256
0.802222 0.569825 0.0346998
0.803704 0.569114 0.0350524
0.805185 0.568354 0.0353896
0.806667 0.567545 0.0357596
0.808148 0.56667 0.0359886
0.80963 0.565732 0.0365763
0.811111 0.564743 0.0368132
0.812593 0.563711 0.0370587
0.814074 0.562634 0.0374871
0.815556 0.561496 0.0378602
0.817037 0.560319 0.0382547
0.818519 0.559103 0.0386033
0.82 0.55785 0.038883
0.821481 0.556552 0.0392866
0.822963 0.555203 0.0395863
0.824444 0.553815 0.0398562
0.825926 0.552374 0.0401665
0.827407 0.550904 0.0405168
0.828889 0.549345 0.0408243
0.83037 0.547724 0.0411532
0.831852 0.546048 0.041543
0.833333 0.544355 0.0418412
0.834815 0.542645 0.0423241
0.836296 0.540919 0.0424736
0.837778 0.539178 0.0427516
0.839259 0.537402 0.0430723
0.840741 0.535604 0.043293
0.842222 0.533793 0.0435704
0.843704 0.531972 0.0438827
0.845185 0.530109 0.0441765
0.846667 0.528209 0.0445388
0.848148 0.526304 0.0448069
0.84963 0.524381 0.0450598
0.851111 0.522436 0.0452084
0.852593 0.52046 0.0464929
0.854074 0.518457 0.0463801
0.855556 0.516425 0.0464041
0.857037 0.5144 0.0469659
0.858519 0.512381 0.0472349
0.86 0.510368 0.0469447
0.861481 0.508346 0.046567
0.862963 0.506311 0.0468065
0.864444 0.504261 0.0473624
0.865926 0.502223 0.0476604
0.867407 0.500196 0.0472118
0.868889 0.498167 0.0469852
0.87037 0.496134 0.0483717
0.871852 0.494116 0.0483653
0.873333 0.492111 0.0479272
0.874815 0.49012 0.0475226
0.876296 0.488143 0.0471086
0.877778 0.48618 0.0471518
0.879259 0.484212 0.0472414
0.880741 0.482243 0.0474465
0.882222 0.480264 0.0473213
0.883704 0.478305 0.0474147
0.885185 0.476352 0.0473904
0.886667 0.474403 0.0474457
0.888148 0.472477 0.0474934
0.88963 0.470574 0.0474772
0.891111 0.468691 0.0474612
0.892593 0.466803 0.0473825
0.894074 0.464877 0.0473414
0.895556 0.462983 0.0472312
0.897037 0.461106 0.047108
0.898519 0.459246 0.0471073
0.9 0.45742 0.0470027
