0.5 0 0
0.501481 0.00602866 0.000125034
0.502963 0.012022 0.000249345
0.504444 0.0179804 0.000373024
0.505926 0.0239043 0.000495859
0.507407 0.0297943 0.000618093
0.508889 0.0356508 0.000739424
0.51037 0.0414742 0.000860152
0.511852 0.0472649 0.000980278
0.513333 0.0530234 0.0010998
0.514815 0.0587501 0.00121842
0.516296 0.0644455 0.00133674
0.517778 0.0701098 0.00145416
0.519259 0.0757436 0.00157097
0.520741 0.0813471 0.00168719
0.522222 0.0869209 0.0018028
0.523704 0.0924654 0.0019178
0.525185 0.0979807 0.00203221
0.526667 0.103468 0.00214601
0.528148 0.108926 0.00225922
0.52963 0.114357 0.00237182
0.531111 0.11976 0.00248411
0.532593 0.125135 0.00259551
0.534074 0.130485 0.0027063
0.535556 0.135807 0.00281679
0.537037 0.141103 0.00292668
0.538519 0.146374 0.00303477
0.54 0.151619 0.00314616
0.541481 0.156839 0.00325455
0.542963 0.162034 0.00335992
0.544444 0.167205 0.00346831
0.545926 0.172351 0.00357368
0.547407 0.177474 0.00368206
0.548889 0.182573 0.00378744
0.55037 0.187648 0.00389281
0.551852 0.192701 0.00399819
0.553333 0.197731 0.00410055
0.554815 0.202739 0.00420592
0.556296 0.207724 0.00430829
0.557778 0.212688 0.00441065
0.559259 0.21763 0.00451301
0.560741 0.222551 0.00461538
0.562222 0.227451 0.00471774
0.563704 0.23233 0.0048201
0.565185 0.237189 0.00491945
0.566667 0.242023 0.00501881
0.568148 0.24683 0.00511816
0.56963 0.251608 0.00521751
0.571111 0.256359 0.00531385
0.572593 0.261083 0.00540719
0.574074 0.265779 0.00550353
0.575556 0.270448 0.00559385
0.577037 0.27509 0.00568718
0.578519 0.279705 0.00576546
0.58 0.284293 0.00583169
0.581481 0.288854 0.00591599
0.582963 0.293389 0.00599427
0.584444 0.297897 0.00603943
0.585926 0.302379 0.00612072
0.587407 0.306835 0.00620201
0.588889 0.311266 0.00625621
0.59037 0.31567 0.00631643
0.591852 0.320049 0.00637664
0.593333 0.324402 0.00645492
0.594815 0.32873 0.0065302
0.596296 0.333033 0.00659644
0.597778 0.337311 0.00667472
0.599259 0.341564 0.00668075
0.600741 0.345793 0.00674097
0.602222 0.349998 0.00677409
0.603704 0.354178 0.00679517
0.605185 0.358334 0.00685841
0.606667 0.362466 0.00692766
0.608148 0.366575 0.00700595
0.60963 0.37066 0.00702704
0.611111 0.374722 0.00707522
0.612593 0.378761 0.00712942
0.614074 0.382777 0.00718363
0.615556 0.386771 0.00725288
0.617037 0.390742 0.00725892
0.618519 0.394691 0.00731313
0.62 0.398617 0.00733422
0.621481 0.402522 0.00739746
0.622963 0.406406 0.00743661
0.624444 0.410268 0.00744265
0.625926 0.414109 0.00745471
0.627407 0.417929 0.00748484
0.628889 0.421729 0.00751797
0.63037 0.425508 0.00753606
0.631852 0.429266 0.0075421
0.633333 0.433005 0.00754514
0.634815 0.436724 0.00755419
0.636296 0.440424 0.00761744
0.637778 0.444104 0.00762047
0.639259 0.447765 0.00765963
0.640741 0.451408 0.00765664
0.642222 0.455032 0.00771387
0.643704 0.458638 0.0077741
0.645185 0.462226 0.00777112
0.646667 0.465796 0.00782533
0.648148 0.469349 0.00784944
0.64963 0.472884 0.00786452
0.651111 0.476403 0.0079097
0.652593 0.479904 0.00792176
0.654074 0.48339 0.00787061
0.655556 0.486859 0.00788869
0.657037 0.490313 0.00790678
0.658519 0.493751 0.00793088
0.66 0.497174 0.00797305
0.661481 0.500581 0.00804833
0.662963 0.503975 0.00809953
0.664444 0.507353 0.00809353
0.665926 0.510718 0.00811161
0.667407 0.514068 0.00820796
0.668889 0.517406 0.00821098
0.67037 0.52073 0.00816584
0.671852 0.524041 0.00813274
0.673333 0.527339 0.00819898
0.674815 0.530626 0.00812675
0.676296 0.5339 0.00817493
0.677778 0.537163 0.00817795
0.679259 0.540414 0.00820806
0.680741 0.543654 0.00816592
0.682222 0.546884 0.0082171
0.683704 0.550103 0.00816292
0.685185 0.553312 0.00821714
0.686667 0.556511 0.00832555
0.688148 0.559701 0.00839784
0.68963 0.562882 0.00847916
0.691111 0.566055 0.00846415
0.692593 0.569219 0.00847322
0.694074 0.572375 0.00852443
0.695556 0.575523 0.00860876
0.697037 0.578664 0.00860881
0.698519 0.581798 0.00867507
0.7 0.584925 0.00875037
0.701481 0.588046 0.00879858
0.702963 0.591161 0.00881669
0.704444 0.594271 0.00882877
0.705926 0.597375 0.00886795
0.707407 0.600475 0.00895529
0.708889 0.60357 0.00900952
0.71037 0.606661 0.00905772
0.711852 0.609749 0.00906379
0.713333 0.612833 0.00910603
0.714815 0.615914 0.00922057
0.716296 0.618993 0.00933496
0.717778 0.622069 0.00938013
0.719259 0.625144 0.00939518
0.720741 0.628217 0.00947952
0.722222 0.63129 0.00948561
0.723704 0.634362 0.00949161
0.725185 0.637433 0.00947659
0.726667 0.640505 0.0094735
0.728148 0.643577 0.00945539
0.72963 0.646651 0.00951549
0.731111 0.649726 0.0095485
0.732593 0.652802 0.00959959
0.734074 0.655881 0.0096447
0.735556 0.658963 0.00971991
0.737037 0.662048 0.00968675
0.738519 0.665136 0.00971378
0.74 0.668228 0.00974383
0.741481 0.671325 0.00974372
0.742963 0.674426 0.00978576
0.744444 0.677532 0.009843
0.745926 0.680645 0.00980994
0.747407 0.683763 0.00983701
0.748889 0.686888 0.00982496
0.75037 0.69002 0.00979784
0.751852 0.693159 0.00979485
0.753333 0.696306 0.00984021
0.754815 0.699462 0.00995784
0.756296 0.702626 0.0100062
0.757778 0.7058 0.0100365
0.759259 0.708983 0.0100729
0.760741 0.712177 0.0100731
0.762222 0.715381 0.0100523
0.763704 0.718596 0.0100947
0.765185 0.721823 0.0101131
0.766667 0.725062 0.0101404
0.768148 0.728313 0.0102101
0.76963 0.731578 0.0101805
0.771111 0.734857 0.010193
0.772593 0.73815 0.0101755
0.774074 0.741457 0.0101611
0.775556 0.74478 0.0101527
0.777037 0.748119 0.0101053
0.778519 0.751473 0.0101061
0.78 0.754845 0.0101611
0.781481 0.758233 0.0101018
0.782963 0.761638 0.0100667
0.784444 0.765062 0.0100346
0.785926 0.768504 0.0100866
0.787407 0.771965 0.010217
0.788889 0.775445 0.0102483
0.79037 0.778946 0.0102826
0.791852 0.782466 0.010284
0.793333 0.786008 0.0103363
0.794815 0.789571 0.0103947
0.796296 0.793156 0.0105252
0.797778 0.796763 0.0104605
0.799259 0.800393 0.01042
0.800741 0.804047 0.0103825
0.802222 0.807724 0.0104622
0.803704 0.811426 0.010506
0.805185 0.815153 0.0105167
0.806667 0.818906 0.0105546
0.808148 0.822684 0.0105837
0.80963 0.826489 0.0106431
0.811111 0.830321 0.0106876
0.812593 0.83418 0.0106902
0.814074 0.838068 0.010645
0.815556 0.841986 0.0105943
0.817037 0.845933 0.0106708
0.818519 0.849911 0.0107004
0.82 0.85392 0.0107853
0.821481 0.85796 0.0108116
0.822963 0.862033 0.0109588
0.824444 0.866137 0.0110058
0.825926 0.870275 0.0112003
0.827407 0.874447 0.0111665
0.828889 0.878652 0.0112176
0.83037 0.882892 0.0113739
0.831852 0.887166 0.0114244
0.833333 0.891475 0.0115412
0.834815 0.895819 0.0116085
0.836296 0.900198 0.0117414
0.837778 0.904612 0.0118421
0.839259 0.909061 0.0119813
0.840741 0.913547 0.0120497
0.842222 0.918069 0.0120884
0.843704 0.922628 0.0121265
0.845185 0.927224 0.0122979
0.846667 0.931858 0.0124129
0.848148 0.936529 0.0126018
0.84963 0.941239 0.012832
0.851111 0.945987 0.0129228
0.852593 0.950775 0.0130912
0.854074 0.955601 0.013357
0.855556 0.960466 0.0135311
0.857037 0.96537 0.0135632
0.858519 0.970313 0.0137179
0.86 0.975294 0.0138767
0.861481 0.980314 0.0141688
0.862963 0.985373 0.0144278
0.864444 0.99047 0.0146326
0.865926 0.995606 0.0150639
0.867407 1.00078 0.0152893
0.868889 1.00599 0.0156121
0.87037 1.01124 0.0157531
0.871852 1.01653 0.0160764
0.873333 1.02186 0.0162175
0.874815 1.02722 0.016563
0.876296 1.03262 0.0167342
0.877778 1.03806 0.0170005
0.879259 1.04354 0.0170956
0.880741 1.04905 0.0174039
0.882222 1.05461 0.0174865
0.883704 1.06019 0.0177444
0.885185 1.06582 0.0180477
0.886667 1.07148 0.018539
0.888148 1.07717 0.0190249
0.88963 1.0829 0.019665
0.891111 1.08865 0.0203496
0.892593 1.09444 0.0210197
0.894074 1.10027 0.0216024
0.895556 1.10612 0.0221602
0.897037 1.11199 0.0226324
0.898519 1.1179 0.0233383
0.9 1.12383 0.0240958
