0 0 0 0 0 0 0 0 0
0 0 0 0 0 0 0 0 0
0.001 0 0 0 0 0 0 0 0
0.002 0 0 0 0 0 0 0 0
0.003 0 0 0 0 0 0 0 0
0.004 0 0 0 0 0 0 0 0
0.005 0 0 0 0 0 0 0 0
0.006 0 0 0 0 0 0 0 0
0.007 0 0 0 0 0 0 0 0
0.008 0 0 0 0 0 0 0 0
0.009 0 0 0 0 0 0 0 0
0.01 0 0 0 0 0 0 0 0
0.011 0 0 0 0 0 0 0 0
0.012 0 0 0 0 0 0 0 0
0.013 0 0 0 0 0 0 0 0
0.014 0 0 0 0 0 0 0 0
0.015 0 0 0 0 0 0 0 0
0.016 0 0 0 0 0 0 0 0
0.017 0 0 0 0 0 0 0 0
0.018 0 0 0 0 0 0 0 0
0.019 0 0 0 0 0 0 0 0
0.02 0 0 0 0 0 0 0 0
0.021 0 0 0 0 0 0 0 0
0.022 0 0 0 0 0 0 0 0
0.023 0 0 0 0 0 0 0 0
0.024 0 0 0 0 0 0 0 0
0.025 0 0 0 0 0 0 0 0
0.026 0 0 0 0 0 0 0 0
0.027 0 0 0 0 0 0 0 0
0.028 0 0 0 0 0 0 0 0
0.029 0 0 0 0 0 0 0 0
0.03 0 0 0 0 0 0 0 0
0.031 0 0 0 0 0 0 0 0
0.032 0 0 0 0 0 0 0 0
0.033 0 0 0 0 0 0 0 0
0.034 0 0 0 0 0 0 0 0
0.035 0 0 0 0 0 0 0 0
0.036 0 0 0 0 0 0 0 0
0.037 0 0 0 0 0 0 0 0
0.038 0 0 0 0 0 0 0 0
0.039 0 0 0 0 0 0 0 0
0.04 0 0 0 0 0 0 0 0
0.041 0 0 0 0 0 0 0 0
0.042 0 0 0 0 0 0 0 0
0.043 0 0 0 0 0 0 0 0
0.044 0 0 0 0 0 0 0 0
0.045 0 0 0 0 0 0 0 0
0.046 0 0 0 0 0 0 0 0
0.047 0 0 0 0 0 0 0 0
0.048 0 0 0 0 0 0 0 0
0.049 0 0 0 0 0 0 0 0
0.05 0 0 0 0 0 0 0 0
0.051 0 0 0 0 0 0 0 0
0.052 0 0 0 0 0 0 0 0
0.053 0 0 0 0 0 0 0 0
0.054 0 0 0 0 0 0 0 0
0.055 0 0 0 0 0 0 0 0
0.056 0 0 0 0 0 0 0 0
0.057 0 0 0 0 0 0 0 0
0.058 0 0 0 0 0 0 0 0
0.059 0 0 0 0 0 0 0 0
0.06 0 0 0 0 0 0 0 0
0.061 0 0 0 0 0 0 0 0
0.062 0 0 0 0 0 0 0 0
0.063 0 0 0 0 0 0 0 0
0.064 0 0 0 0 0 0 0 0
0.065 0 0 0 0 0 0 0 0
0.066 0 0 0 0 0 0 0 0
0.067 0 0 0 0 0 0 0 0
0.068 0 0 0 0 0 0 0 0
0.069 0 0 0 0 0 0 0 0
0.07 0 0 0 0 0 0 0 0
0.071 0 0 0 0 0 0 0 0
0.072 0 0 0 0 0 0 0 0
0.073 0 0 0 0 0 0 0 0
0.074 0 0 0 0 0 0 0 0
0.075 0 0 0 0 0 0 0 0
0.076 0 0 0 0 0 0 0 0
0.077 0 0 0 0 0 0 0 0
0.078 0 0 0 0 0 0 0 0
0.079 0 0 0 0 0 0 0 0
0.08 0 0 0 0 0 0 0 0
0.081 0 0 0 0 0 0 0 0
0.082 0 0 0 0 0 0 0 0
0.083 0 0 0 0 0 0 0 0
0.084 0 0 0 0 0 0 0 0
0.085 0 0 0 0 0 0 0 0
0.086 0 0 0 0 0 0 0 0
0.087 0 0 0 0 0 0 0 0
0.088 0 0 0 0 0 0 0 0
0.089 0 0 0 0 0 0 0 0
0.09 0 0 0 0 0 0 0 0
0.091 0 0 0 0 0 0 0 0
0.092 0 0 0 0 0 0 0 0
0.093 0 0 0 0 0 0 0 0
0.094 0 0 0 0 0 0 0 0
0.095 0 0 0 0 0 0 0 0
0.096 0 0 0 0 0 0 0 0
0.097 0 0 0 0 0 0 0 0
0.098 0 0 0 0 0 0 0 0
0.099 0 0 0 0 0 0 0 0
0.1 0 0 0 0 0 0 0 0
0.101 0 0 0 0 0 0 0 0
0.102 0 0 0 0 0 0 0 0
0.103 0 0 0 0 0 0 0 0
0.104 0 0 0 0 0 0 0 0
0.105 0 0 0 0 0 0 0 0
0.106 0 0 0 0 0 0 0 0
0.107 0 0 0 0 0 0 0 0
0.108 0 0 0 0 0 0 0 0
0.109 0 0 0 0 0 0 0 0
0.11 0 0 0 0 0 0 0 0
0.111 0 0 0 0 0 0 0 0
0.112 0 0 0 0 0 0 0 0
0.113 0 0 0 0 0 0 0 0
0.114 0 0 0 0 0 0 0 0
0.115 0 0 0 0 0 0 0 0
0.116 0 0 0 0 0 0 0 0
0.117 0 0 0 0 0 0 0 0
0.118 0 0 0 0 0 0 0 0
0.119 0 0 0 0 0 0 0 0
0.12 0 0 0 0 0 0 0 0
0.121 0 0 0 0 0 0 0 0
0.122 0 0 0 0 0 0 0 0
0.123 0 0 0 0 0 0 0 0
0.124 0 0 0 0 0 0 0 0
0.125 0 0 0 0 0 0 0 0
0.126 0 0 0 0 0 0 0 0
0.127 0 0 0 0 0 0 0 0
0.128 0 0 0 0 0 0 0 0
0.129 0 0 0 0 0 0 0 0
0.13 0 0 0 0 0 0 0 0
0.131 0 0 0 0 0 0 0 0
0.132 0 0 0 0 0 0 0 0
0.133 0 0 0 0 0 0 0 0
0.134 0 0 0 0 0 0 0 0
0.135 0 0 0 0 0 0 0 0
0.136 0 0 0 0 0 0 0 0
0.137 0 0 0 0 0 0 0 0
0.138 0 0 0 0 0 0 0 0
0.139 0 0 0 0 0 0 0 0
0.14 0 0 0 0 0 0 0 0
0.141 0 0 0 0 0 0 0 0
0.142 0 0 0 0 0 0 0 0
0.143 0 0 0 0 0 0 0 0
0.144 0 0 0 0 0 0 0 0
0.145 0 0 0 0 0 0 0 0
0.146 0 0 0 0 0 0 0 0
0.147 0 0 0 0 0 0 0 0
0.148 0 0 0 0 0 0 0 0
0.149 0 0 0 0 0 0 0 0
0.15 0 0 0 0 0 0 0 0
0.151 0 0 0 0 0 0 0 0
0.152 0 0 0 0 0 0 0 0
0.153 0 0 0 0 0 0 0 0
0.154 0 0 0 0 0 0 0 0
0.155 0 0 0 0 0 0 0 0
0.156 0 0 0 0 0 0 0 0
0.157 0 0 0 0 0 0 0 0
0.158 0 0 0 0 0 0 0 0
0.159 0 0 0 0 0 0 0 0
0.16 0 0 0 0 0 0 0 0
0.161 0 0 0 0 0 0 0 0
0.162 0 0 0 0 0 0 0 0
0.163 0 0 0 0 0 0 0 0
0.164 0 0 0 0 0 0 0 0
0.165 0 0 0 0 0 0 0 0
0.166 0 0 0 0 0 0 0 0
0.167 0 0 0 0 0 0 0 0
0.168 0 0 0 0 0 0 0 0
0.169 0 0 0 0 0 0 0 0
0.17 0 0 0 0 0 0 0 0
0.171 0 0 0 0 0 0 0 0
0.172 0 0 0 0 0 0 0 0
0.173 0 0 0 0 0 0 0 0
0.174 0 0 0 0 0 0 0 0
0.175 0 0 0 0 0 0 0 0
0.176 0 0 0 0 0 0 0 0
0.177 0 0 0 0 0 0 0 0
0.178 0 0 0 0 0 0 0 0
0.179 0 0 0 0 0 0 0 0
0.18 0 0 0 0 0 0 0 0
0.181 0 0 0 0 0 0 0 0
0.182 0 0 0 0 0 0 0 0
0.183 0 0 0 0 0 0 0 0
0.184 0 0 0 0 0 0 0 0
0.185 0 0 0 0 0 0 0 0
0.186 0 0 0 0 0 0 0 0
0.187 0 0 0 0 0 0 0 0
0.188 0 0 0 0 0 0 0 0
0.189 0 0 0 0 0 0 0 0
0.19 0 0 0 0 0 0 0 0
0.191 0 0 0 0 0 0 0 0
0.192 0 0 0 0 0 0 0 0
0.193 0 0 0 0 0 0 0 0
0.194 0 0 0 0 0 0 0 0
0.195 0 0 0 0 0 0 0 0
0.196 0 0 0 0 0 0 0 0
0.197 0 0 0 0 0 0 0 0
0.198 0 0 0 0 0 0 0 0
0.199 0 0 0 0 0 0 0 0
0.2 0 0 0 0 0 0 0 0
0.201 0 0 0 0 0 0 0 0
0.202 0 0 0 0 0 0 0 0
0.203 0 0 0 0 0 0 0 0
0.204 0 0 0 0 0 0 0 0
0.205 0 0 0 0 0 0 0 0
0.206 0 0 0 0 0 0 0 0
0.207 0 0 0 0 0 0 0 0
0.208 0 0 0 0 0 0 0 0
0.209 0 0 0 0 0 0 0 0
0.21 0 0 0 0 0 0 0 0
0.211 0 0 0 0 0 0 0 0
0.212 0 0 0 0 0 0 0 0
0.213 0 0 0 0 0 0 0 0
0.214 0 0 0 0 0 0 0 0
0.215 0 0 0 0 0 0 0 0
0.216 0 0 0 0 0 0 0 0
0.217 0 0 0 0 0 0 0 0
0.218 0 0 0 0 0 0 0 0
0.219 0 0 0 0 0 0 0 0
0.22 0 0 0 0 0 0 0 0
0.221 0 0 0 0 0 0 0 0
0.222 0 0 0 0 0 0 0 0
0.223 0 0 0 0 0 0 0 0
0.224 0 0 0 0 0 0 0 0
0.225 0 0 0 0 0 0 0 0
0.226 0 0 0 0 0 0 0 0
0.227 0 0 0 0 0 0 0 0
0.228 0 0 0 0 0 0 0 0
0.229 0 0 0 0 0 0 0 0
0.23 0 0 0 0 0 0 0 0
0.231 0 0 0 0 0 0 0 0
0.232 0 0 0 0 0 0 0 0
0.233 0 0 0 0 0 0 0 0
0.234 0 0 0 0 0 0 0 0
0.235 0 0 0 0 0 0 0 0
0.236 0 0 0 0 0 0 0 0
0.237 0 0 0 0 0 0 0 0
0.238 0 0 0 0 0 0 0 0
0.239 0 0 0 0 0 0 0 0
0.24 0 0 0 0 0 0 0 0
0.241 0 0 0 0 0 0 0 0
0.242 0 0 0 0 0 0 0 0
0.243 0 0 0 0 0 0 0 0
0.244 0 0 0 0 0 0 0 0
0.245 0 0 0 0 0 0 0 0
0.246 0 0 0 0 0 0 0 0
0.247 0 0 0 0 0 0 0 0
0.248 0 0 0 0 0 0 0 0
0.249 0 0 0 0 0 0 0 0
0.25 0 0 0 0 0 0 0 0
0.251 0 0 0 0 0 0 0 0
0.252 0 0 0 0 0 0 0 0
0.253 0 0 0 0 0 0 0 0
0.254 0 0 0 0 0 0 0 0
0.255 0 0 0 0 0 0 0 0
0.256 0 0 0 0 0 0 0 0
0.257 0 0 0 0 0 0 0 0
0.258 0 0 0 0 0 0 0 0
0.259 0 0 0 0 0 0 0 0
0.26 0 0 0 0 0 0 0 0
0.261 0 0 0 0 0 0 0 0
0.262 0 0 0 0 0 0 0 0
0.263 0 0 0 0 0 0 0 0
0.264 0 0 0 0 0 0 0 0
0.265 0 0 0 0 0 0 0 0
0.266 0 0 0 0 0 0 0 0
0.267 0 0 0 0 0 0 0 0
0.268 0 0 0 0 0 0 0 0
0.269 0 0 0 0 0 0 0 0
0.27 0 0 0 0 0 0 0 0
0.271 0 0 0 0 0 0 0 0
0.272 0 0 0 0 0 0 0 0
0.273 0 0 0 0 0 0 0 0
0.274 0 0 0 0 0 0 0 0
0.275 0 0 0 0 0 0 0 0
0.276 0 0 0 0 0 0 0 0
0.277 0 0 0 0 0 0 0 0
0.278 0 0 0 0 0 0 0 0
0.279 0 0 0 0 0 0 0 0
0.28 0 0 0 0 0 0 0 0
0.281 0 0 0 0 0 0 0 0
0.282 0 0 0 0 0 0 0 0
0.283 0 0 0 0 0 0 0 0
0.284 0 0 0 0 0 0 0 0
0.285 0 0 0 0 0 0 0 0
0.286 0 0 0 0 0 0 0 0
0.287 0 0 0 0 0 0 0 0
0.288 0 0 0 0 0 0 0 0
0.289 0 0 0 0 0 0 0 0
0.29 0 0 0 0 0 0 0 0
0.291 0 0 0 0 0 0 0 0
0.292 0 0 0 0 0 0 0 0
0.293 0 0 0 0 0 0 0 0
0.294 0 0 0 0 0 0 0 0
0.295 0 0 0 0 0 0 0 0
0.296 0 0 0 0 0 0 0 0
0.297 0 0 0 0 0 0 0 0
0.298 0 0 0 0 0 0 0 0
0.299 0 0 0 0 0 0 0 0
0.3 0 0 0 0 0 0 0 0
0.301 0 0 0 0 0 0 0 0
0.302 0 0 0 0 0 0 0 0
0.303 0 0 0 0 0 0 0 0
0.304 0 0 0 0 0 0 0 0
0.305 0 0 0 0 0 0 0 0
0.306 0 0 0 0 0 0 0 0
0.307 0 0 0 0 0 0 0 0
0.308 0 0 0 0 0 0 0 0
0.309 0 0 0 0 0 0 0 0
0.31 0 0 0 0 0 0 0 0
0.311 0 0 0 0 0 0 0 0
0.312 0 0 0 0 0 0 0 0
0.313 0 0 0 0 0 0 0 0
0.314 0 0 0 0 0 0 0 0
0.315 0 0 0 0 0 0 0 0
0.316 0 0 0 0 0 0 0 0
0.317 0 0 0 0 0 0 0 0
0.318 0 0 0 0 0 0 0 0
0.319 0 0 0 0 0 0 0 0
0.32 0 0 0 0 0 0 0 0
0.321 0 0 0 0 0 0 0 0
0.322 0 0 0 0 0 0 0 0
0.323 0 0 0 0 0 0 0 0
0.324 0 0 0 0 0 0 0 0
0.325 0 0 0 0 0 0 0 0
0.326 0 0 0 0 0 0 0 0
0.327 0 0 0 0 0 0 0 0
0.328 0 0 0 0 0 0 0 0
0.329 0 0 0 0 0 0 0 0
0.33 0 0 0 0 0 0 0 0
0.331 0 0 0 0 0 0 0 0
0.332 0 0 0 0 0 0 0 0
0.333 0 0 0 0 0 0 0 0
0.334 0 0 0 0 0 0 0 0
0.335 0 0 0 0 0 0 0 0
0.336 0 0 0 0 0 0 0 0
0.337 0 0 0 0 0 0 0 0
0.338 0 0 0 0 0 0 0 0
0.339 0 0 0 0 0 0 0 0
0.34 0 0 0 0 0 0 0 0
0.341 0 0 0 0 0 0 0 0
0.342 0 0 0 0 0 0 0 0
0.343 0 0 0 0 0 0 0 0
0.344 0 0 0 0 0 0 0 0
0.345 0 0 0 0 0 0 0 0
0.346 0 0 0 0 0 0 0 0
0.347 0 0 0 0 0 0 0 0
0.348 0 0 0 0 0 0 0 0
0.349 0 0 0 0 0 0 0 0
0.35 0 0 0 0 0 0 0 0
0.351 0 0 0 0 0 0 0 0
0.352 0 0 0 0 0 0 0 0
0.353 0 0 0 0 0 0 0 0
0.354 0 0 0 0 0 0 0 0
0.355 0 0 0 0 0 0 0 0
0.356 0 0 0 0 0 0 0 0
0.357 0 0 0 0 0 0 0 0
0.358 0 0 0 0 0 0 0 0
0.359 0 0 0 0 0 0 0 0
0.36 0 0 0 0 0 0 0 0
0.361 0 0 0 0 0 0 0 0
0.362 0 0 0 0 0 0 0 0
0.363 0 0 0 0 0 0 0 0
0.364 0 0 0 0 0 0 0 0
0.365 0 0 0 0 0 0 0 0
0.366 0 0 0 0 0 0 0 0
0.367 0 0 0 0 0 0 0 0
0.368 0 0 0 0 0 0 0 0
0.369 0 0 0 0 0 0 0 0
0.37 0 0 0 0 0 0 0 0
0.371 0 0 0 0 0 0 0 0
0.372 0 0 0 0 0 0 0 0
0.373 0 0 0 0 0 0 0 0
0.374 0 0 0 0 0 0 0 0
0.375 0 0 0 0 0 0 0 0
0.376 0 0 0 0 0 0 0 0
0.377 0 0 0 0 0 0 0 0
0.378 0 0 0 0 0 0 0 0
0.379 0 0 0 0 0 0 0 0
0.38 0 0 0 0 0 0 0 0
0.381 0 0 0 0 0 0 0 0
0.382 0 0 0 0 0 0 0 0
0.383 0 0 0 0 0 0 0 0
0.384 0 0 0 0 0 0 0 0
0.385 0 0 0 0 0 0 0 0
0.386 0 0 0 0 0 0 0 0
0.387 0 0 0 0 0 0 0 0
0.388 0 0 0 0 0 0 0 0
0.389 0 0 0 0 0 0 0 0
0.39 0 0 0 0 0 0 0 0
0.391 0 0 0 0 0 0 0 0
0.392 0 0 0 0 0 0 0 0
0.393 0 0 0 0 0 0 0 0
0.394 0 0 0 0 0 0 0 0
0.395 0 0 0 0 0 0 0 0
0.396 0 0 0 0 0 0 0 0
0.397 0 0 0 0 0 0 0 0
0.398 0 0 0 0 0 0 0 0
0.399 0 0 0 0 0 0 0 0
0.4 0 0 0 0 0 0 0 0
0.401 0 0 0 0 0 0 0 0
0.402 0 0 0 0 0 0 0 0
0.403 0 0 0 0 0 0 0 0
0.404 0 0 0 0 0 0 0 0
0.405 0 0 0 0 0 0 0 0
0.406 0 0 0 0 0 0 0 0
0.407 0 0 0 0 0 0 0 0
0.408 0 0 0 0 0 0 0 0
0.409 0 0 0 0 0 0 0 0
0.41 0 0 0 0 0 0 0 0
0.411 0 0 0 0 0 0 0 0
0.412 0 0 0 0 0 0 0 0
0.413 0 0 0 0 0 0 0 0
0.414 0 0 0 0 0 0 0 0
0.415 0 0 0 0 0 0 0 0
0.416 0 0 0 0 0 0 0 0
0.417 0 0 0 0 0 0 0 0
0.418 0 0 0 0 0 0 0 0
0.419 0 0 0 0 0 0 0 0
0.42 0 0 0 0 0 0 0 0
0.421 0 0 0 0 0 0 0 0
0.422 0 0 0 0 0 0 0 0
0.423 0 0 0 0 0 0 0 0
0.424 0 0 0 0 0 0 0 0
0.425 0 0 0 0 0 0 0 0
0.426 0 0 0 0 0 0 0 0
0.427 0 0 0 0 0 0 0 0
0.428 0 0 0 0 0 0 0 0
0.429 0 0 0 0 0 0 0 0
0.43 0 0 0 0 0 0 0 0
0.431 0 0 0 0 0 0 0 0
0.432 0 0 0 0 0 0 0 0
0.433 0 0 0 0 0 0 0 0
0.434 0 0 0 0 0 0 0 0
0.435 0 0 0 0 0 0 0 0
0.436 0 0 0 0 0 0 0 0
0.437 0 0 0 0 0 0 0 0
0.438 0 0 0 0 0 0 0 0
0.439 0 0 0 0 0 0 0 0
0.44 0 0 0 0 0 0 0 0
0.441 0 0 0 0 0 0 0 0
0.442 0 0 0 0 0 0 0 0
0.443 0 0 0 0 0 0 0 0
0.444 0 0 0 0 0 0 0 0
0.445 0 0 0 0 0 0 0 0
0.446 0 0 0 0 0 0 0 0
0.447 0 0 0 0 0 0 0 0
0.448 0 0 0 0 0 0 0 0
0.449 0 0 0 0 0 0 0 0
0.45 0 0 0 0 0 0 0 0
0.451 0 0 0 0 0 0 0 0
0.452 0 0 0 0 0 0 0 0
0.453 0 0 0 0 0 0 0 0
0.454 0 0 0 0 0 0 0 0
0.455 0 0 0 0 0 0 0 0
0.456 0 0 0 0 0 0 0 0
0.457 0 0 0 0 0 0 0 0
0.458 0 0 0 0 0 0 0 0
0.459 0 0 0 0 0 0 0 0
0.46 0 0 0 0 0 0 0 0
0.461 0 0 0 0 0 0 0 0
0.462 0 0 0 0 0 0 0 0
0.463 0 0 0 0 0 0 0 0
0.464 0 0 0 0 0 0 0 0
0.465 0 0 0 0 0 0 0 0
0.466 0 0 0 0 0 0 0 0
0.467 0 0 0 0 0 0 0 0
0.468 0 0 0 0 0 0 0 0
0.469 0 0 0 0 0 0 0 0
0.47 0 0 0 0 0 0 0 0
0.471 0 0 0 0 0 0 0 0
0.472 0 0 0 0 0 0 0 0
0.473 0 0 0 0 0 0 0 0
0.474 0 0 0 0 0 0 0 0
0.475 0 0 0 0 0 0 0 0
0.476 0 0 0 0 0 0 0 0
0.477 0 0 0 0 0 0 0 0
0.478 0 0 0 0 0 0 0 0
0.479 0 0 0 0 0 0 0 0
0.48 0 0 0 0 0 0 0 0
0.481 0 0 0 0 0 0 0 0
0.482 0 0 0 0 0 0 0 0
0.483 0 0 0 0 0 0 0 0
0.484 0 0 0 0 0 0 0 0
0.485 0 0 0 0 0 0 0 0
0.486 0 0 0 0 0 0 0 0
0.487 0 0 0 0 0 0 0 0
0.488 0 0 0 0 0 0 0 0
0.489 0 0 0 0 0 0 0 0
0.49 0 0 0 0 0 0 0 0
0.491 0 0 0 0 0 0 0 0
0.492 0 0 0 0 0 0 0 0
0.493 0 0 0 0 0 0 0 0
0.494 0 0 0 0 0 0 0 0
0.495 0 0 0 0 0 0 0 0
0.496 0 0 0 0 0 0 0 0
0.497 0 0 0 0 0 0 0 0
0.498 0 0 0 0 0 0 0 0
0.499 0 0 0 0 0 0 0 0
0.5 0 0 0 0 0 0 0 0
0.501 0.00808558 0.000325533 4.04681e-06 1.62928e-07 0.00404683 0.000162929 0.00403469 0.00016293
0.502 0.0161231 0.00064913 1.61552e-05 6.5042e-07 0.00807766 0.000325213 0.00802919 0.000325219
0.503 0.0241131 0.000970811 3.62772e-05 1.46055e-06 0.0120926 0.000486857 0.0119838 0.000486877
0.504 0.032056 0.00129059 6.43657e-05 2.59141e-06 0.0160919 0.000647867 0.0158988 0.000647914
0.505 0.0399522 0.00160849 0.000100374 4.04111e-06 0.0200755 0.000808247 0.0197744 0.000808338
0.506 0.047802 0.00192453 0.000144255 5.80777e-06 0.0240436 0.000968002 0.0236108 0.000968159
0.507 0.0556061 0.00223872 0.000195962 7.88954e-06 0.0279963 0.00112714 0.0274084 0.00112739
0.508 0.0633647 0.00255108 0.000255452 1.02846e-05 0.0319338 0.00128566 0.0311674 0.00128603
0.509 0.0710783 0.00286163 0.000322677 1.29911e-05 0.0358562 0.00144358 0.0348882 0.00144411
0.51 0.0787474 0.00317038 0.000397594 1.60072e-05 0.0397636 0.00160089 0.0385708 0.00160161
0.511 0.0863724 0.00347737 0.000480157 1.93313e-05 0.0436562 0.0017576 0.0422157 0.00175856
0.512 0.0939537 0.00378259 0.000570324 2.29614e-05 0.047534 0.00191373 0.045823 0.00191497
0.513 0.101492 0.00408607 0.00066805 2.68959e-05 0.0513972 0.00206926 0.049393 0.00207083
0.514 0.108987 0.00438784 0.000773293 3.1133e-05 0.055246 0.00222422 0.0529261 0.00222618
0.515 0.11644 0.00468789 0.00088601 3.5671e-05 0.0590805 0.0023786 0.0564225 0.00238101
0.516 0.123851 0.00498627 0.00100616 4.05082e-05 0.0629009 0.00253241 0.0598824 0.00253532
0.517 0.13122 0.00528296 0.0011337 4.56429e-05 0.0667071 0.00268565 0.063306 0.00268914
0.518 0.138548 0.005578 0.00126859 5.10736e-05 0.0704995 0.00283833 0.0666937 0.00284246
0.519 0.145836 0.0058714 0.00141078 5.67984e-05 0.074278 0.00299046 0.0700457 0.00299531
0.52 0.153083 0.00616317 0.00156024 6.28158e-05 0.0780428 0.00314203 0.0733621 0.00314768
0.521 0.16029 0.00645333 0.00171693 6.91242e-05 0.0817941 0.00329306 0.0766433 0.00329958
0.522 0.167457 0.00674188 0.00188081 7.57219e-05 0.0855319 0.00344354 0.0798895 0.00345102
0.523 0.174586 0.00702885 0.00205184 8.26074e-05 0.0892564 0.00359348 0.0831009 0.00360202
0.524 0.181675 0.00731425 0.00222997 8.97791e-05 0.0929677 0.00374289 0.0862778 0.00375257
0.525 0.188726 0.0075981 0.00241517 9.72354e-05 0.0966659 0.00389177 0.0894204 0.00390269
0.526 0.195739 0.00788042 0.00260741 0.000104975 0.100351 0.00404013 0.0925288 0.00405239
0.527 0.202714 0.00816122 0.00280664 0.000112996 0.104024 0.00418797 0.0956041 0.00420167
0.528 0.209651 0.00844052 0.00301282 0.000121297 0.107683 0.0043353 0.0986445 0.00435055
0.529 0.216552 0.00871835 0.00322593 0.000129876 0.11133 0.00448213 0.101652 0.00449903
0.53 0.223415 0.00899472 0.00344591 0.000138733 0.114964 0.00462847 0.104626 0.00464714
0.531 0.230243 0.00926965 0.00367275 0.000147865 0.118586 0.00477432 0.107568 0.00479488
0.532 0.237034 0.00954315 0.00390639 0.000157272 0.122196 0.00491968 0.110477 0.00494225
0.533 0.243789 0.00981521 0.0041468 0.000166951 0.125793 0.00506456 0.113353 0.00508927
0.534 0.25051 0.0100858 0.00439395 0.000176902 0.129378 0.00520894 0.116196 0.00523591
0.535 0.257195 0.010355 0.00464781 0.000187122 0.132951 0.00535281 0.119008 0.00538217
0.536 0.263845 0.0106228 0.00490833 0.000197611 0.136513 0.00549619 0.121788 0.00552807
0.537 0.270462 0.0108891 0.00517549 0.000208367 0.140063 0.00563906 0.124537 0.0056736
0.538 0.277045 0.0111539 0.00544924 0.000219389 0.143601 0.00578142 0.127253 0.00581876
0.539 0.283594 0.0114173 0.00572957 0.000230675 0.147127 0.00592326 0.129938 0.00596355
0.54 0.29011 0.0116793 0.00601642 0.000242223 0.150643 0.00606461 0.132594 0.00610799
0.541 0.296592 0.01194 0.00630977 0.000254033 0.154147 0.00620553 0.135218 0.00625215
0.542 0.303042 0.0121997 0.00660959 0.000266103 0.157639 0.00634612 0.13781 0.00639613
0.543 0.309459 0.0124584 0.00691585 0.000278431 0.16112 0.00648652 0.140372 0.00654008
0.544 0.315843 0.0127166 0.0072285 0.000291018 0.16459 0.00662685 0.142904 0.00668411
0.545 0.322194 0.0129744 0.00754752 0.000303861 0.168048 0.00676724 0.145405 0.00682836
0.546 0.328513 0.0132319 0.00787288 0.000316961 0.171495 0.00690775 0.147876 0.00697289
0.547 0.3348 0.0134891 0.00820454 0.000330316 0.174931 0.00704842 0.150317 0.00711774
0.548 0.341055 0.013746 0.00854247 0.000343925 0.178356 0.00718916 0.152729 0.00726282
0.549 0.34728 0.0140023 0.00888664 0.000357788 0.18177 0.00732983 0.15511 0.007408
0.55 0.353476 0.0142577 0.00923702 0.000371904 0.185175 0.00747027 0.157464 0.00755313
0.551 0.359643 0.0145119 0.00959358 0.000386271 0.18857 0.00761031 0.159789 0.00769803
0.552 0.365782 0.0147644 0.0099563 0.000400888 0.191955 0.00774974 0.162086 0.0078425
0.553 0.371894 0.015015 0.0103251 0.000415752 0.195332 0.00788834 0.164357 0.00798634
0.554 0.377981 0.0152634 0.0107001 0.000430863 0.198701 0.00802596 0.166601 0.00812938
0.555 0.384041 0.0155096 0.0110811 0.000446219 0.202061 0.00816257 0.168818 0.00827161
0.556 0.390072 0.0157537 0.0114681 0.000461817 0.205412 0.00829828 0.171008 0.00841314
0.557 0.396072 0.015996 0.0118612 0.000477658 0.208751 0.00843322 0.173167 0.0085541
0.558 0.40204 0.016237 0.0122603 0.00049374 0.212078 0.00856757 0.175297 0.00869467
0.559 0.407973 0.0164769 0.0126653 0.000510064 0.215391 0.00870153 0.177395 0.00883505
0.56 0.413868 0.0167162 0.0130762 0.000526632 0.21869 0.00883537 0.179461 0.00897551
0.561 0.419724 0.0169555 0.013493 0.000543443 0.221972 0.00896931 0.181493 0.00911628
0.562 0.42554 0.0171946 0.0139156 0.0005605 0.225238 0.00910339 0.183491 0.00925738
0.563 0.431322 0.0174329 0.0143441 0.000577801 0.22849 0.00923726 0.185458 0.00939849
0.564 0.43708 0.0176688 0.0147783 0.000595346 0.231735 0.00936998 0.1874 0.00953868
0.565 0.442822 0.0179001 0.0152182 0.000613129 0.234976 0.00950043 0.189321 0.00967685
0.566 0.448558 0.0181246 0.0156639 0.000631142 0.23822 0.00962736 0.191228 0.00981178
0.567 0.454297 0.0183397 0.0161154 0.000649374 0.241471 0.00974933 0.193125 0.00994206
0.568 0.460047 0.0185429 0.0165725 0.000667812 0.244734 0.0098648 0.195017 0.0100662
0.569 0.465819 0.0187316 0.0170355 0.000686442 0.248015 0.00997234 0.196909 0.0101827
0.57 0.471617 0.0189038 0.0175042 0.000705244 0.251318 0.0100707 0.198805 0.0102905
0.571 0.477443 0.0190587 0.0179787 0.000724201 0.254641 0.0101596 0.200705 0.0103893
0.572 0.483294 0.019199 0.0184591 0.000743295 0.257985 0.0102395 0.202608 0.0104795
0.573 0.489171 0.019327 0.0189453 0.000762507 0.261349 0.0103134 0.204513 0.010564
0.574 0.495071 0.019445 0.0194374 0.000781821 0.264733 0.010382 0.206421 0.0106436
0.575 0.500994 0.0195556 0.0199354 0.000801219 0.268136 0.010447 0.20833 0.01072
0.576 0.50694 0.0196615 0.0204394 0.000820684 0.271558 0.0105099 0.21024 0.0107944
0.577 0.512907 0.0197658 0.0209493 0.000840199 0.274998 0.0105727 0.21215 0.010869
0.578 0.518894 0.0198721 0.0214652 0.00085975 0.278456 0.0106375 0.21406 0.0109457
0.579 0.524901 0.0199844 0.0219871 0.000879337 0.28193 0.010707 0.215969 0.0110272
0.58 0.530925 0.0201074 0.022515 0.000899011 0.285422 0.0107838 0.217877 0.0111159
0.581 0.536968 0.020246 0.023049 0.0009187 0.288929 0.0108713 0.219782 0.0112152
0.582 0.543026 0.0204058 0.023589 0.0009384 0.292452 0.0109728 0.221685 0.0113282
0.583 0.549101 0.0205929 0.024135 0.000958105 0.295991 0.0110922 0.223586 0.0114586
0.584 0.55519 0.0208136 0.0246872 0.000977815 0.299544 0.0112334 0.225482 0.0116101
0.585 0.561292 0.0210748 0.0252454 0.000997531 0.303111 0.0114008 0.227375 0.011787
0.586 0.567407 0.0213836 0.0258098 0.00101726 0.306691 0.0115986 0.229262 0.0119934
0.587 0.573535 0.0217471 0.0263802 0.001037 0.310285 0.0118313 0.231144 0.0122335
0.588 0.579672 0.0221679 0.0269569 0.00105678 0.313891 0.0121004 0.23302 0.0125088
0.589 0.58582 0.0226438 0.0275396 0.0010766 0.317509 0.0124044 0.23489 0.012818
0.59 0.591977 0.02317 0.0281285 0.00109648 0.321138 0.01274 0.236752 0.0131578
0.591 0.598142 0.0237391 0.0287236 0.00111644 0.324778 0.0131026 0.238607 0.0135239
0.592 0.604313 0.0243418 0.0293248 0.00113651 0.328429 0.0134862 0.240455 0.0139105
0.593 0.610491 0.0249671 0.0299322 0.00115669 0.332089 0.0138839 0.242292 0.014311
0.594 0.616674 0.0256027 0.0305458 0.00117701 0.335759 0.014288 0.244122 0.0147179
0.595 0.622862 0.026235 0.0311655 0.00119749 0.339437 0.01469 0.245941 0.0151229
0.596 0.629052 0.02685 0.0317915 0.00121814 0.343124 0.0150814 0.247749 0.0155178
0.597 0.635245 0.0274331 0.0324236 0.00123898 0.346818 0.015453 0.249547 0.0158937
0.598 0.641439 0.0279706 0.033062 0.00126 0.350519 0.0157966 0.251333 0.0162426
0.599 0.647634 0.0284567 0.0337065 0.00128122 0.354226 0.0161084 0.253107 0.0165606
0.6 0.653828 0.0288897 0.0343572 0.00130262 0.35794 0.0163876 0.254868 0.0168471
0.601 0.660021 0.0292687 0.0350142 0.00132421 0.361659 0.0166337 0.256616 0.0171015
0.602 0.666212 0.0295936 0.0356773 0.00134597 0.365382 0.0168465 0.25835 0.0173237
0.603 0.672399 0.0298643 0.0363466 0.00136789 0.36911 0.0170261 0.26007 0.0175137
0.604 0.678582 0.0300817 0.0370221 0.00138994 0.372841 0.0171729 0.261775 0.0176719
0.605 0.684759 0.0302464 0.0377038 0.00141213 0.376576 0.0172874 0.263465 0.0177989
0.606 0.690931 0.0303599 0.0383916 0.00143441 0.380312 0.0173703 0.265137 0.0178954
0.607 0.697095 0.0304234 0.0390856 0.00145678 0.384051 0.0174226 0.266794 0.0179624
0.608 0.703251 0.0304388 0.0397858 0.00147919 0.387791 0.0174452 0.268434 0.0180008
0.609 0.709399 0.0304077 0.0404921 0.00150164 0.391532 0.0174392 0.270056 0.0180117
0.61 0.715536 0.0303323 0.0412046 0.00152408 0.395272 0.017406 0.271658 0.0179965
0.611 0.721663 0.0302148 0.0419232 0.00154649 0.399013 0.0173467 0.273243 0.0179564
0.612 0.727777 0.0300574 0.0426479 0.00156884 0.402752 0.0172629 0.274808 0.017893
0.613 0.733879 0.0298625 0.0433787 0.00159109 0.406489 0.017156 0.276353 0.0178077
0.614 0.739967 0.0296329 0.0441156 0.00161322 0.410224 0.0170277 0.277877 0.0177021
0.615 0.746041 0.029371 0.0448587 0.0016352 0.413957 0.0168796 0.279381 0.017578
0.616 0.752099 0.0290799 0.0456077 0.001657 0.417685 0.0167135 0.280862 0.0174371
0.617 0.75814 0.0287623 0.0463628 0.00167858 0.42141 0.0165314 0.282322 0.0172814
0.618 0.764164 0.0284214 0.047124 0.00169992 0.42513 0.0163351 0.283758 0.0171127
0.619 0.77017 0.0280602 0.0478912 0.00172099 0.428844 0.0161267 0.28517 0.016933
0.62 0.776156 0.027682 0.0486643 0.00174176 0.432552 0.0159083 0.286559 0.0167445
0.621 0.782122 0.0272902 0.0494435 0.00176221 0.436254 0.0156822 0.287923 0.0165493
0.622 0.788067 0.0268882 0.0502286 0.00178231 0.439949 0.0154506 0.289263 0.0163496
0.623 0.793989 0.0264796 0.0510196 0.00180204 0.443636 0.0152159 0.290577 0.0161477
0.624 0.799888 0.0260679 0.0518166 0.00182138 0.447314 0.0149806 0.291864 0.015946
0.625 0.805763 0.0256569 0.0526194 0.0018403 0.450983 0.0147472 0.293125 0.0157468
0.626 0.811614 0.0252503 0.0534281 0.0018588 0.454642 0.0145182 0.294358 0.0155523
0.627 0.817438 0.0248518 0.0542426 0.00187685 0.458291 0.0142962 0.295563 0.015365
0.628 0.823235 0.0244652 0.0550629 0.00189444 0.461929 0.0140839 0.29674 0.0151874
0.629 0.829004 0.0240943 0.0558891 0.00191155 0.465555 0.0138837 0.297888 0.0150214
0.63 0.834745 0.0237426 0.0567209 0.00192818 0.469168 0.0136982 0.299005 0.0148695
0.631 0.840456 0.0234136 0.0575585 0.00194432 0.472769 0.0135298 0.300094 0.0147336
0.632 0.846136 0.0231107 0.0584018 0.00195996 0.476356 0.0133807 0.301151 0.0146156
0.633 0.851784 0.0228369 0.0592508 0.00197511 0.479929 0.013253 0.302177 0.0145173
0.634 0.8574 0.0225949 0.0601054 0.00198974 0.483486 0.0131484 0.30317 0.0144399
0.635 0.862983 0.0223872 0.0609656 0.00200387 0.487028 0.0130685 0.304131 0.0143849
0.636 0.86853 0.0222156 0.0618313 0.0020175 0.490554 0.0130143 0.30506 0.0143529
0.637 0.874043 0.0220815 0.0627026 0.00203063 0.494063 0.0129865 0.305955 0.0143443
0.638 0.879519 0.0219858 0.0635794 0.00204326 0.497554 0.0129855 0.306816 0.0143596
0.639 0.884958 0.021929 0.0644617 0.00205542 0.501027 0.0130111 0.307642 0.0143983
0.64 0.890359 0.0219106 0.0653493 0.00206709 0.50448 0.0130628 0.308432 0.01446
0.641 0.89572 0.0219298 0.0662424 0.0020783 0.507914 0.0131397 0.309187 0.0145439
0.642 0.901041 0.0219853 0.0671407 0.00208906 0.511328 0.0132404 0.309906 0.0146487
0.643 0.906321 0.022075 0.0680444 0.00209939 0.51472 0.0133632 0.310587 0.014773
0.644 0.91156 0.0221966 0.0689534 0.0021093 0.518091 0.0135062 0.311231 0.0149151
0.645 0.916755 0.0223473 0.0698675 0.00211881 0.521439 0.0136671 0.311836 0.015073
0.646 0.921906 0.022524 0.0707869 0.00212794 0.524764 0.0138436 0.312403 0.0152446
0.647 0.927013 0.0227233 0.0717113 0.00213671 0.528066 0.0140333 0.312932 0.015428
0.648 0.932074 0.0229421 0.0726409 0.00214515 0.531343 0.0142339 0.31342 0.0156211
0.649 0.937091 0.0231772 0.0735755 0.00215327 0.534597 0.0144433 0.31387 0.0158221
0.65 0.942064 0.0234259 0.074515 0.00216111 0.537827 0.0146596 0.314282 0.0160293
0.651 0.946993 0.0236856 0.0754596 0.00216867 0.541033 0.0148812 0.314654 0.0162413
0.652 0.951879 0.0239538 0.076409 0.00217599 0.544216 0.0151065 0.314989 0.0164566
0.653 0.956721 0.0242284 0.0773633 0.00218309 0.547375 0.0153342 0.315285 0.0166743
0.654 0.96152 0.0245073 0.0783225 0.00218999 0.550512 0.0155629 0.315545 0.0168928
0.655 0.966277 0.0247886 0.0792864 0.0021967 0.553625 0.0157914 0.315766 0.0171113
0.656 0.970992 0.0250708 0.080255 0.00220326 0.556716 0.0160188 0.315951 0.0173289
0.657 0.975665 0.0253523 0.0812283 0.00220967 0.559784 0.0162442 0.316099 0.0175447
0.658 0.980297 0.0256316 0.0822063 0.00221597 0.562829 0.0164667 0.31621 0.017758
0.659 0.984887 0.0259076 0.0831889 0.00222216 0.565852 0.0166855 0.316285 0.017968
0.66 0.989437 0.0261792 0.0841761 0.00222828 0.568852 0.0169001 0.316324 0.0181742
0.661 0.993947 0.0264453 0.0851678 0.00223434 0.571831 0.0171098 0.316328 0.018376
0.662 0.998416 0.0267052 0.086164 0.00224035 0.574788 0.0173142 0.316296 0.0185729
0.663 1.00285 0.0269579 0.0871646 0.00224633 0.577722 0.0175127 0.316228 0.0187646
0.664 1.00724 0.0272029 0.0881696 0.0022523 0.580635 0.017705 0.316126 0.0189505
0.665 1.01159 0.0274395 0.089179 0.00225828 0.583527 0.0178907 0.31599 0.0191305
0.666 1.0159 0.0276671 0.0901928 0.00226429 0.586397 0.0180695 0.315819 0.0193041
0.667 1.02018 0.0278854 0.0912108 0.00227032 0.589246 0.0182411 0.315614 0.0194712
0.668 1.02441 0.0280938 0.0922331 0.00227641 0.592074 0.0184054 0.315375 0.0196315
0.669 1.02861 0.028292 0.0932596 0.00228257 0.594881 0.0185621 0.315102 0.0197849
0.67 1.03277 0.0284798 0.0942903 0.0022888 0.597668 0.018711 0.314797 0.0199311
0.671 1.0369 0.0286568 0.0953252 0.00229512 0.600434 0.018852 0.314458 0.02007
0.672 1.04099 0.0288229 0.0963641 0.00230154 0.603179 0.018985 0.314087 0.0202016
0.673 1.04504 0.0289779 0.0974071 0.00230807 0.605905 0.0191099 0.313684 0.0203257
0.674 1.04906 0.0291216 0.0984542 0.00231472 0.60861 0.0192267 0.313247 0.0204423
0.675 1.05304 0.0292539 0.0995052 0.0023215 0.611295 0.0193351 0.312779 0.0205512
0.676 1.05698 0.0293747 0.10056 0.00232842 0.613961 0.0194353 0.312281 0.0206525
0.677 1.06089 0.029484 0.101619 0.00233548 0.616607 0.0195272 0.31175 0.0207461
0.678 1.06477 0.0295818 0.102682 0.00234269 0.619233 0.0196108 0.311187 0.0208321
0.679 1.06861 0.029668 0.103749 0.00235007 0.621841 0.0196861 0.310594 0.0209105
0.68 1.07242 0.0297427 0.104819 0.0023576 0.624429 0.0197531 0.309972 0.0209812
0.681 1.0762 0.0298059 0.105894 0.0023653 0.626999 0.0198118 0.309317 0.0210442
0.682 1.07994 0.0298576 0.106972 0.00237318 0.629549 0.0198623 0.308633 0.0210997
0.683 1.08365 0.0298979 0.108053 0.00238122 0.632081 0.0199046 0.307922 0.0211477
0.684 1.08733 0.0299269 0.109139 0.00238945 0.634595 0.0199388 0.307178 0.0211882
0.685 1.09098 0.0299447 0.110228 0.00239785 0.637091 0.019965 0.306407 0.0212214
0.686 1.09459 0.0299514 0.111321 0.00240643 0.639568 0.0199832 0.305605 0.0212473
0.687 1.09817 0.0299471 0.112417 0.00241519 0.642028 0.0199934 0.304777 0.0212658
0.688 1.10173 0.029932 0.113517 0.00242413 0.64447 0.0199959 0.303919 0.0212773
0.689 1.10525 0.0299061 0.114621 0.00243325 0.646895 0.0199907 0.303032 0.0212818
0.69 1.10874 0.0298697 0.115728 0.00244255 0.649302 0.0199778 0.302118 0.0212793
0.691 1.1122 0.0298229 0.116838 0.00245202 0.651693 0.0199575 0.301179 0.02127
0.692 1.11563 0.0297658 0.117952 0.00246166 0.654066 0.0199297 0.30021 0.021254
0.693 1.11904 0.0296987 0.119069 0.00247147 0.656422 0.0198947 0.299215 0.0212314
0.694 1.12241 0.0296217 0.12019 0.00248145 0.658762 0.0198525 0.298192 0.0212024
0.695 1.12576 0.0295351 0.121314 0.00249159 0.661086 0.0198033 0.297144 0.021167
0.696 1.12907 0.0294389 0.122442 0.00250189 0.663393 0.0197472 0.296067 0.0211255
0.697 1.13236 0.0293335 0.123572 0.00251233 0.665685 0.0196843 0.294969 0.0210779
0.698 1.13563 0.0292191 0.124706 0.00252293 0.66796 0.0196149 0.293842 0.0210245
0.699 1.13886 0.0290958 0.125844 0.00253367 0.67022 0.0195389 0.292688 0.0209653
0.7 1.14207 0.0289638 0.126984 0.00254454 0.672465 0.0194567 0.291513 0.0209006
0.701 1.14525 0.0288235 0.128128 0.00255555 0.674694 0.0193683 0.29031 0.0208305
0.702 1.14841 0.028675 0.129275 0.00256668 0.676908 0.019274 0.289083 0.0207552
0.703 1.15154 0.0285186 0.130425 0.00257792 0.679108 0.0191738 0.287833 0.0206748
0.704 1.15464 0.0283545 0.131578 0.00258927 0.681292 0.0190679 0.286558 0.0205894
0.705 1.15773 0.0281829 0.132734 0.00260073 0.683463 0.0189566 0.285261 0.0204994
0.706 1.16078 0.0280042 0.133893 0.00261228 0.685619 0.0188399 0.28394 0.0204048
0.707 1.16381 0.0278186 0.135055 0.00262392 0.68776 0.0187181 0.282595 0.020306
0.708 1.16682 0.0276263 0.136221 0.00263564 0.689889 0.0185914 0.281226 0.020203
0.709 1.16981 0.0274277 0.137389 0.00264743 0.692003 0.0184599 0.279836 0.020096
0.71 1.17277 0.0272229 0.13856 0.00265929 0.694104 0.0183238 0.278424 0.0199852
0.711 1.1757 0.0270122 0.139735 0.0026712 0.696191 0.0181834 0.276986 0.0198709
0.712 1.17862 0.026796 0.140912 0.00268317 0.698266 0.0180388 0.27553 0.0197533
0.713 1.18151 0.0265745 0.142092 0.00269518 0.700328 0.0178903 0.274052 0.0196326
0.714 1.18439 0.026348 0.143275 0.00270722 0.702377 0.017738 0.272552 0.0195089
0.715 1.18724 0.0261168 0.14446 0.00271928 0.704414 0.0175822 0.271034 0.0193826
0.716 1.19007 0.0258812 0.145649 0.00273137 0.706438 0.017423 0.269491 0.0192537
0.717 1.19287 0.0256414 0.146841 0.00274346 0.70845 0.0172608 0.267927 0.0191226
0.718 1.19566 0.0253979 0.148035 0.00275556 0.710451 0.0170957 0.266346 0.0189895
0.719 1.19843 0.0251509 0.149232 0.00276766 0.71244 0.016928 0.264744 0.0188546
0.72 1.20118 0.0249006 0.150432 0.00277974 0.714418 0.0167579 0.263122 0.0187182
0.721 1.20391 0.0246475 0.151634 0.0027918 0.716384 0.0165856 0.261482 0.0185804
0.722 1.20662 0.0243918 0.15284 0.00280384 0.71834 0.0164114 0.25982 0.0184415
0.723 1.20931 0.0241339 0.154048 0.00281591 0.720284 0.0162356 0.25814 0.0183019
0.724 1.21198 0.0238741 0.155258 0.00282791 0.722219 0.0160583 0.256445 0.0181616
0.725 1.21464 0.0236127 0.156472 0.00283979 0.724143 0.01588 0.254727 0.0180209
0.726 1.21728 0.0233501 0.157688 0.00285158 0.726056 0.0157007 0.252992 0.01788
0.727 1.2199 0.0230865 0.158906 0.00286338 0.72796 0.0155208 0.251242 0.0177394
0.728 1.2225 0.0228224 0.160127 0.00287512 0.729854 0.0153406 0.249473 0.0175992
0.729 1.22509 0.0225581 0.161351 0.00288678 0.731739 0.0151604 0.247686 0.0174596
0.73 1.22766 0.0222938 0.162578 0.00289837 0.733615 0.0149803 0.245881 0.0173209
0.731 1.23022 0.02203 0.163806 0.00290987 0.735482 0.0148008 0.244064 0.0171834
0.732 1.23276 0.021767 0.165038 0.00292128 0.73734 0.0146221 0.242226 0.0170473
0.733 1.23528 0.0215052 0.166272 0.0029326 0.739189 0.0144444 0.240373 0.0169128
0.734 1.23779 0.0212449 0.167509 0.00294381 0.74103 0.0142681 0.238503 0.0167801
0.735 1.24029 0.0209864 0.168747 0.00295493 0.742863 0.0140935 0.236622 0.0166497
0.736 1.24277 0.0207302 0.169989 0.00296593 0.744688 0.0139209 0.234721 0.0165216
0.737 1.24524 0.0204765 0.171233 0.00297682 0.746506 0.0137506 0.232807 0.0163961
0.738 1.24769 0.0202257 0.17248 0.00298759 0.748316 0.0135828 0.230876 0.0162734
0.739 1.25013 0.0199782 0.173728 0.00299824 0.750119 0.0134179 0.228935 0.0161538
0.74 1.25256 0.0197342 0.17498 0.00300877 0.751915 0.0132562 0.226975 0.0160375
0.741 1.25498 0.0194942 0.176233 0.00301916 0.753704 0.0130979 0.225005 0.0159246
0.742 1.25738 0.0192585 0.17749 0.00302943 0.755487 0.0129435 0.223017 0.0158155
0.743 1.25977 0.0190274 0.178748 0.00303955 0.757263 0.012793 0.221019 0.0157102
0.744 1.26216 0.0188012 0.180009 0.00304955 0.759034 0.0126469 0.219007 0.015609
0.745 1.26453 0.0185802 0.181273 0.0030594 0.760799 0.0125054 0.21698 0.0155121
0.746 1.26689 0.0183647 0.182538 0.00306911 0.762559 0.0123688 0.214945 0.0154195
0.747 1.26924 0.0181551 0.183806 0.00307867 0.764313 0.0122372 0.212895 0.0153314
0.748 1.27158 0.0179516 0.185077 0.00308809 0.766062 0.0121111 0.210831 0.0152481
0.749 1.27391 0.0177544 0.18635 0.00309736 0.767806 0.0119905 0.208756 0.0151695
0.75 1.27623 0.0175638 0.187625 0.00310647 0.769546 0.0118757 0.206671 0.0150958
0.751 1.27854 0.01738 0.188902 0.00311544 0.771282 0.0117669 0.204576 0.0150271
0.752 1.28084 0.0172033 0.190182 0.00312426 0.773014 0.0116642 0.202468 0.0149634
0.753 1.28314 0.0170337 0.191464 0.00313292 0.774741 0.0115678 0.200349 0.0149047
0.754 1.28543 0.0168715 0.192748 0.00314143 0.776465 0.0114779 0.198221 0.0148512
0.755 1.28771 0.0167168 0.194034 0.00314979 0.778186 0.0113944 0.196084 0.0148028
0.756 1.28998 0.0165697 0.195323 0.00315799 0.779904 0.0113176 0.193935 0.0147595
0.757 1.29225 0.0164303 0.196614 0.00316604 0.781619 0.0112473 0.191777 0.0147213
0.758 1.29451 0.0162986 0.197908 0.00317394 0.783332 0.0111837 0.189608 0.0146881
0.759 1.29677 0.0161746 0.199204 0.00318168 0.785042 0.0111267 0.18743 0.0146599
0.76 1.29902 0.0160583 0.200501 0.00318928 0.78675 0.0110763 0.185247 0.0146365
0.761 1.30126 0.0159498 0.201801 0.00319672 0.788457 0.0110324 0.183054 0.014618
0.762 1.3035 0.0158488 0.203104 0.00320401 0.790162 0.0109948 0.18085 0.014604
0.763 1.30573 0.0157553 0.204408 0.00321115 0.791865 0.0109635 0.178641 0.0145946
0.764 1.30796 0.0156691 0.205715 0.00321814 0.793568 0.0109383 0.176423 0.0145895
0.765 1.31019 0.0155902 0.207024 0.00322498 0.79527 0.0109189 0.174198 0.0145886
0.766 1.31241 0.0155182 0.208336 0.00323168 0.796971 0.0109052 0.171963 0.0145917
0.767 1.31463 0.0154529 0.209649 0.00323824 0.798672 0.0108969 0.169725 0.0145986
0.768 1.31685 0.0153941 0.210965 0.00324466 0.800373 0.0108937 0.167478 0.014609
0.769 1.31906 0.0153415 0.212283 0.00325093 0.802075 0.0108954 0.165226 0.0146228
0.77 1.32127 0.0152947 0.213603 0.00325708 0.803777 0.0109016 0.162968 0.0146397
0.771 1.32348 0.0152535 0.214925 0.00326308 0.80548 0.0109119 0.160705 0.0146594
0.772 1.32569 0.0152175 0.21625 0.00326896 0.807184 0.0109262 0.158434 0.0146819
0.773 1.3279 0.0151862 0.217577 0.0032747 0.808889 0.0109439 0.156158 0.0147065
0.774 1.33011 0.0151594 0.218906 0.00328032 0.810596 0.0109647 0.153878 0.0147333
0.775 1.33231 0.0151365 0.220237 0.00328581 0.812305 0.0109882 0.151594 0.0147618
0.776 1.33452 0.0151173 0.221571 0.00329118 0.814016 0.0110142 0.149303 0.0147919
0.777 1.33673 0.0151013 0.222906 0.00329644 0.81573 0.0110423 0.147012 0.0148233
0.778 1.33893 0.0150883 0.224244 0.00330158 0.817446 0.0110722 0.144714 0.0148559
0.779 1.34114 0.0150779 0.225584 0.0033066 0.819164 0.0111036 0.142412 0.0148893
0.78 1.34335 0.0150699 0.226926 0.00331152 0.820885 0.0111362 0.140107 0.0149235
0.781 1.34555 0.0150638 0.228271 0.00331633 0.822608 0.01117 0.137795 0.0149583
0.782 1.34776 0.0150595 0.229617 0.00332103 0.824333 0.0112045 0.135482 0.0149935
0.783 1.34997 0.0150566 0.230966 0.00332564 0.826062 0.0112395 0.133164 0.0150288
0.784 1.35218 0.0150548 0.232317 0.00333014 0.827793 0.011275 0.130842 0.0150643
0.785 1.35439 0.0150541 0.233671 0.00333455 0.829526 0.0113106 0.128513 0.0150998
0.786 1.3566 0.015054 0.235026 0.00333887 0.831262 0.0113461 0.126184 0.0151349
0.787 1.35881 0.0150544 0.236384 0.0033431 0.833001 0.0113816 0.123849 0.01517
0.788 1.36102 0.0150551 0.237744 0.00334723 0.834743 0.0114166 0.121511 0.0152044
0.789 1.36324 0.015056 0.239106 0.00335129 0.836487 0.0114512 0.119169 0.0152384
0.79 1.36545 0.0150567 0.24047 0.00335526 0.838234 0.0114852 0.116824 0.0152719
0.791 1.36766 0.0150573 0.241837 0.00335915 0.839984 0.0115185 0.114473 0.0153046
0.792 1.36988 0.0150574 0.243205 0.00336296 0.841737 0.0115509 0.112122 0.0153365
0.793 1.37209 0.0150571 0.244577 0.0033667 0.843493 0.0115824 0.109762 0.0153676
0.794 1.37431 0.0150561 0.24595 0.00337036 0.845252 0.0116129 0.107402 0.0153978
0.795 1.37653 0.0150543 0.247325 0.00337395 0.847014 0.0116422 0.105039 0.015427
0.796 1.37875 0.0150517 0.248703 0.00337747 0.848779 0.0116704 0.10267 0.0154552
0.797 1.38096 0.0150481 0.250083 0.00338093 0.850546 0.0116973 0.100297 0.0154823
0.798 1.38319 0.0150435 0.251465 0.00338432 0.852317 0.0117229 0.097922 0.0155084
0.799 1.38541 0.0150377 0.252849 0.00338765 0.854092 0.0117471 0.095545 0.0155332
0.8 1.38763 0.0150308 0.254236 0.00339091 0.855869 0.01177 0.093161 0.0155569
0.801 1.38985 0.0150227 0.255624 0.00339412 0.857649 0.0117914 0.090777 0.0155794
0.802 1.39208 0.0150133 0.257015 0.00339727 0.859433 0.0118114 0.088388 0.0156007
0.803 1.39431 0.0150025 0.258408 0.00340036 0.86122 0.0118299 0.085996 0.0156208
0.804 1.39654 0.0149904 0.259804 0.0034034 0.863011 0.011847 0.083599 0.0156397
0.805 1.39877 0.014977 0.261201 0.00340639 0.864805 0.0118625 0.081202 0.0156573
0.806 1.401 0.0149621 0.262601 0.00340933 0.866602 0.0118765 0.078799 0.0156736
0.807 1.40323 0.0149459 0.264003 0.00341221 0.868402 0.0118891 0.076393 0.0156888
0.808 1.40546 0.0149283 0.265408 0.00341505 0.870207 0.0119001 0.073983 0.0157027
0.809 1.4077 0.0149092 0.266814 0.00341785 0.872014 0.0119097 0.071572 0.0157155
0.81 1.40994 0.0148888 0.268223 0.0034206 0.873825 0.0119178 0.069156 0.015727
0.811 1.41218 0.0148671 0.269634 0.0034233 0.87564 0.0119246 0.066738 0.0157374
0.812 1.41442 0.014844 0.271047 0.00342596 0.877459 0.0119299 0.064318 0.0157467
0.813 1.41666 0.0148195 0.272463 0.00342858 0.879281 0.0119338 0.061892 0.0157547
0.814 1.4189 0.0147938 0.273881 0.00343117 0.881107 0.0119364 0.059464 0.0157618
0.815 1.42115 0.0147669 0.275301 0.00343371 0.882936 0.0119377 0.057033 0.0157678
0.816 1.4234 0.0147388 0.276723 0.00343621 0.88477 0.0119378 0.054601 0.0157727
0.817 1.42565 0.0147095 0.278148 0.00343868 0.886607 0.0119366 0.052163 0.0157767
0.818 1.4279 0.0146791 0.279574 0.00344111 0.888448 0.0119343 0.049726 0.0157797
0.819 1.43015 0.0146478 0.281004 0.00344351 0.890293 0.0119309 0.047281 0.0157818
0.82 1.43241 0.0146154 0.282435 0.00344587 0.892142 0.0119265 0.044837 0.0157831
0.821 1.43467 0.0145821 0.283868 0.00344821 0.893995 0.0119211 0.042391 0.0157837
0.822 1.43693 0.0145481 0.285304 0.0034505 0.895852 0.0119147 0.03994 0.0157833
0.823 1.43919 0.0145132 0.286742 0.00345277 0.897713 0.0119076 0.037487 0.0157824
0.824 1.44146 0.0144777 0.288183 0.00345501 0.899578 0.0118996 0.035029 0.0157808
0.825 1.44372 0.0144416 0.289625 0.00345722 0.901447 0.011891 0.032572 0.0157787
0.826 1.44599 0.014405 0.29107 0.00345939 0.903321 0.0118817 0.030111 0.015776
0.827 1.44827 0.0143679 0.292517 0.00346154 0.905199 0.0118719 0.027648 0.0157728
0.828 1.45054 0.0143305 0.293967 0.00346367 0.907081 0.0118616 0.02518 0.0157693
0.829 1.45282 0.0142929 0.295418 0.00346576 0.908967 0.0118509 0.022713 0.0157654
0.83 1.4551 0.0142552 0.296872 0.00346783 0.910858 0.0118399 0.020242 0.0157612
0.831 1.45738 0.0142174 0.298328 0.00346987 0.912753 0.0118287 0.017769 0.0157568
0.832 1.45966 0.0141797 0.299787 0.00347189 0.914653 0.0118174 0.015292 0.0157524
0.833 1.46195 0.0141421 0.301248 0.00347388 0.916557 0.011806 0.012813 0.0157478
0.834 1.46424 0.0141049 0.302711 0.00347585 0.918466 0.0117947 0.010333 0.0157432
0.835 1.46653 0.014068 0.304176 0.0034778 0.920379 0.0117835 0.007851 0.0157387
0.836 1.46883 0.0140316 0.305644 0.00347972 0.922296 0.0117725 0.005364 0.0157343
0.837 1.47113 0.0139958 0.307114 0.00348162 0.924219 0.0117619 0.002877 0.0157301
0.838 1.47343 0.0139607 0.308586 0.0034835 0.926146 0.0117517 0.000388 0.0157263
0.839 1.47573 0.0139264 0.310061 0.00348535 0.928078 0.0117421 -0.002105 0.0157228
0.84 1.47804 0.0138931 0.311538 0.00348719 0.930015 0.011733 -0.004599 0.0157197
0.841 1.48035 0.0138609 0.313017 0.003489 0.931956 0.0117247 -0.007095 0.0157171
0.842 1.48266 0.0138298 0.314498 0.0034908 0.933902 0.0117172 -0.009592 0.0157151
0.843 1.48498 0.0138 0.315982 0.00349257 0.935854 0.0117106 -0.012092 0.0157137
0.844 1.4873 0.0137715 0.317468 0.00349433 0.93781 0.011705 -0.014594 0.0157131
0.845 1.48962 0.0137446 0.318957 0.00349607 0.939771 0.0117005 -0.0171 0.0157132
0.846 1.49194 0.0137193 0.320447 0.00349779 0.941737 0.0116972 -0.019604 0.0157142
0.847 1.49427 0.0136958 0.321941 0.00349949 0.943709 0.0116952 -0.022114 0.0157161
0.848 1.49661 0.0136741 0.323436 0.00350117 0.945685 0.0116946 -0.024623 0.015719
0.849 1.49894 0.0136543 0.324934 0.00350284 0.947667 0.0116955 -0.027135 0.015723
0.85 1.50128 0.0136366 0.326434 0.00350449 0.949654 0.0116979 -0.029648 0.0157281
0.851 1.50362 0.013621 0.327936 0.00350613 0.951646 0.011702 -0.032162 0.0157345
0.852 1.50597 0.0136077 0.329441 0.00350775 0.953643 0.0117078 -0.03468 0.015742
0.853 1.50832 0.0135968 0.330948 0.00350936 0.955646 0.0117154 -0.037198 0.0157509
0.854 1.51067 0.0135883 0.332458 0.00351096 0.957654 0.0117249 -0.03972 0.0157612
0.855 1.51303 0.0135823 0.33397 0.00351257 0.959668 0.0117364 -0.042242 0.015773
0.856 1.51539 0.013579 0.335484 0.00351416 0.961687 0.0117499 -0.044765 0.0157862
0.857 1.51775 0.0135783 0.337 0.00351573 0.963712 0.0117656 -0.047288 0.015801
0.858 1.52012 0.0135804 0.338519 0.00351728 0.965742 0.0117834 -0.049815 0.0158174
0.859 1.52249 0.0135854 0.340041 0.00351882 0.967778 0.0118035 -0.052345 0.0158354
0.86 1.52486 0.0135933 0.341564 0.00352034 0.969819 0.0118259 -0.054873 0.0158552
0.861 1.52724 0.0136041 0.34309 0.00352184 0.971866 0.0118506 -0.057404 0.0158766
0.862 1.52963 0.013618 0.344619 0.00352334 0.973919 0.0118777 -0.059938 0.0158998
0.863 1.53201 0.0136349 0.34615 0.00352482 0.975978 0.0119073 -0.062472 0.0159249
0.864 1.5344 0.013655 0.347683 0.00352628 0.978043 0.0119393 -0.065006 0.0159518
0.865 1.5368 0.0136783 0.349218 0.00352776 0.980113 0.0119739 -0.067541 0.0159806
0.866 1.5392 0.0137047 0.350756 0.00352924 0.98219 0.012011 -0.070078 0.0160114
0.867 1.5416 0.0137343 0.352297 0.00353072 0.984272 0.0120507 -0.072619 0.0160441
0.868 1.54401 0.0137672 0.35384 0.00353219 0.98636 0.012093 -0.07516 0.0160788
0.869 1.54642 0.0138033 0.355385 0.00353367 0.988455 0.0121379 -0.0777 0.0161155
0.87 1.54884 0.0138427 0.356932 0.00353514 0.990556 0.0121854 -0.08024 0.0161542
0.871 1.55126 0.0138853 0.358482 0.00353661 0.992662 0.0122355 -0.082784 0.0161949
0.872 1.55368 0.0139311 0.360035 0.00353808 0.994775 0.0122882 -0.08533 0.0162377
0.873 1.55611 0.0139802 0.36159 0.00353956 0.996895 0.0123436 -0.087875 0.0162825
0.874 1.55854 0.0140325 0.363147 0.00354103 0.99902 0.0124015 -0.090421 0.0163293
0.875 1.56098 0.0140879 0.364707 0.00354251 1.00115 0.012462 -0.092971 0.0163782
0.876 1.56342 0.0141465 0.366269 0.003544 1.00329 0.0125251 -0.095517 0.0164292
0.877 1.56587 0.0142082 0.367834 0.0035455 1.00544 0.0125907 -0.098062 0.0164821
0.878 1.56832 0.014273 0.369401 0.003547 1.00759 0.0126588 -0.100613 0.0165371
0.879 1.57078 0.0143408 0.37097 0.00354851 1.00974 0.0127294 -0.10317 0.0165941
0.88 1.57324 0.0144115 0.372542 0.00355003 1.01191 0.0128023 -0.105716 0.016653
0.881 1.57571 0.0144852 0.374117 0.00355156 1.01408 0.0128777 -0.108271 0.016714
0.882 1.57818 0.0145617 0.375694 0.00355311 1.01626 0.0129554 -0.110822 0.0167769
0.883 1.58065 0.0146409 0.377273 0.00355467 1.01844 0.0130354 -0.113379 0.0168417
0.884 1.58313 0.0147228 0.378855 0.00355624 1.02063 0.0131176 -0.115935 0.0169084
0.885 1.58562 0.0148074 0.380439 0.00355784 1.02283 0.013202 -0.118487 0.016977
0.886 1.58811 0.0148945 0.382026 0.00355945 1.02504 0.0132884 -0.121038 0.0170473
0.887 1.5906 0.014984 0.383616 0.00356108 1.02725 0.0133769 -0.123598 0.0171194
0.888 1.5931 0.0150759 0.385208 0.00356274 1.02947 0.0134674 -0.126154 0.0171933
0.889 1.59561 0.01517 0.386802 0.00356442 1.03169 0.0135597 -0.128716 0.0172688
0.89 1.59812 0.0152663 0.388399 0.00356612 1.03393 0.0136539 -0.131267 0.017346
0.891 1.60063 0.0153647 0.389998 0.00356785 1.03617 0.0137498 -0.133824 0.0174248
0.892 1.60316 0.0154651 0.3916 0.00356961 1.03842 0.0138474 -0.13638 0.0175051
0.893 1.60568 0.0155673 0.393205 0.0035714 1.04067 0.0139465 -0.138945 0.0175869
0.894 1.60821 0.0156713 0.394811 0.00357322 1.04293 0.0140472 -0.141503 0.0176702
0.895 1.61075 0.015777 0.396421 0.00357507 1.0452 0.0141492 -0.144063 0.0177547
0.896 1.61329 0.0158842 0.398033 0.00357696 1.04748 0.0142526 -0.146619 0.0178406
0.897 1.61584 0.0159929 0.399647 0.00357888 1.04976 0.0143572 -0.149181 0.0179278
0.898 1.61839 0.0161029 0.401265 0.00358085 1.05205 0.0144629 -0.151745 0.018016
0.899 1.62095 0.0162141 0.402884 0.00358285 1.05435 0.0145697 -0.154302 0.0181055
0.9 1.62352 0.0163264 0.404507 0.00358489 1.05666 0.0146775 -0.156861 0.0181959
0.901 1.62609 0.0164398 0.406131 0.00358698 1.05897 0.0147861 -0.159423 0.0182873
0.902 1.62866 0.016554 0.407759 0.00358911 1.0613 0.0148955 -0.161977 0.0183796
0.903 1.63124 0.0166691 0.409389 0.00359129 1.06362 0.0150056 -0.164547 0.0184728
0.904 1.63383 0.0167848 0.411021 0.00359352 1.06596 0.0151163 -0.167103 0.0185667
0.905 1.63642 0.016901 0.412656 0.0035958 1.06831 0.0152274 -0.169658 0.0186612
0.906 1.63902 0.0170177 0.414294 0.00359813 1.07066 0.015339 -0.172222 0.0187564
0.907 1.64163 0.0171347 0.415934 0.00360052 1.07302 0.0154509 -0.174782 0.0188522
0.908 1.64424 0.017252 0.417577 0.00360296 1.07539 0.0155629 -0.177341 0.0189482
0.909 1.64685 0.0173693 0.419223 0.00360546 1.07777 0.0156751 -0.179899 0.0190448
0.91 1.64948 0.0174866 0.420871 0.00360802 1.08015 0.0157872 -0.182463 0.0191415
0.911 1.65211 0.0176039 0.422522 0.00361064 1.08255 0.0158993 -0.185016 0.0192385
0.912 1.65474 0.0177209 0.424175 0.00361332 1.08495 0.0160112 -0.187575 0.0193355
0.913 1.65738 0.0178375 0.425831 0.00361607 1.08736 0.0161228 -0.190133 0.0194327
0.914 1.66003 0.0179537 0.42749 0.00361888 1.08978 0.0162341 -0.19269 0.0195298
0.915 1.66268 0.0180694 0.429151 0.00362176 1.0922 0.0163449 -0.195253 0.0196268
0.916 1.66534 0.0181844 0.430815 0.00362471 1.09464 0.0164551 -0.197805 0.0197235
0.917 1.66801 0.0182986 0.432482 0.00362773 1.09708 0.0165646 -0.200366 0.0198199
0.918 1.67068 0.018412 0.434151 0.00363082 1.09953 0.0166734 -0.202923 0.019916
0.919 1.67336 0.0185243 0.435823 0.00363399 1.10199 0.0167814 -0.205479 0.0200117
0.92 1.67604 0.0186356 0.437498 0.00363723 1.10446 0.0168884 -0.208034 0.0201068
0.921 1.67874 0.0187457 0.439175 0.00364055 1.10694 0.0169943 -0.210585 0.0202012
0.922 1.68143 0.0188545 0.440856 0.00364395 1.10943 0.0170991 -0.213138 0.0202949
0.923 1.68414 0.0189619 0.442538 0.00364743 1.11192 0.0172028 -0.215694 0.020388
0.924 1.68685 0.0190679 0.444224 0.00365099 1.11443 0.017305 -0.218242 0.02048
0.925 1.68957 0.0191722 0.445912 0.00365463 1.11694 0.0174059 -0.220796 0.0205712
0.926 1.69229 0.0192748 0.447603 0.00365835 1.11946 0.0175053 -0.223349 0.0206612
0.927 1.69503 0.0193757 0.449297 0.00366216 1.12199 0.0176031 -0.225901 0.0207502
0.928 1.69776 0.0194746 0.450993 0.00366605 1.12453 0.0176992 -0.228449 0.020838
0.929 1.70051 0.0195716 0.452692 0.00367003 1.12708 0.0177936 -0.230996 0.0209245
0.93 1.70326 0.0196665 0.454394 0.0036741 1.12964 0.017886 -0.233542 0.0210095
0.931 1.70602 0.0197593 0.456099 0.00367826 1.13221 0.0179766 -0.236087 0.0210932
0.932 1.70879 0.0198498 0.457806 0.00368251 1.13478 0.0180651 -0.238638 0.0211754
0.933 1.71156 0.0199379 0.459516 0.00368685 1.13737 0.0181515 -0.241178 0.0212559
0.934 1.71434 0.0200236 0.461229 0.00369127 1.13997 0.0182357 -0.243717 0.0213347
0.935 1.71713 0.0201067 0.462945 0.00369579 1.14257 0.0183176 -0.246265 0.0214118
0.936 1.71992 0.0201873 0.464664 0.00370041 1.14518 0.0183971 -0.248812 0.021487
0.937 1.72273 0.0202651 0.466385 0.00370511 1.14781 0.0184742 -0.251345 0.0215603
0.938 1.72554 0.0203401 0.468109 0.00370991 1.15044 0.0185487 -0.253887 0.0216316
0.939 1.72835 0.0204123 0.469836 0.0037148 1.15309 0.0186206 -0.256418 0.0217008
0.94 1.73118 0.0204815 0.471566 0.00371979 1.15574 0.0186898 -0.258958 0.0217679
0.941 1.73401 0.0205477 0.473298 0.00372487 1.1584 0.0187563 -0.261494 0.0218328
0.942 1.73684 0.0206107 0.475034 0.00373004 1.16107 0.0188198 -0.264032 0.0218953
0.943 1.73969 0.0206705 0.476772 0.0037353 1.16376 0.0188805 -0.266556 0.0219555
0.944 1.74254 0.0207271 0.478513 0.00374066 1.16645 0.0189381 -0.269089 0.0220133
0.945 1.74541 0.0207803 0.480257 0.00374612 1.16915 0.0189926 -0.271621 0.0220685
0.946 1.74827 0.02083 0.482004 0.00375168 1.17186 0.0190439 -0.274152 0.0221212
0.947 1.75115 0.0208763 0.483754 0.00375734 1.17459 0.019092 -0.276672 0.0221712
0.948 1.75403 0.020919 0.485506 0.00376309 1.17732 0.0191368 -0.279198 0.0222186
0.949 1.75693 0.020958 0.487262 0.00376893 1.18006 0.0191782 -0.281726 0.0222631
0.95 1.75983 0.0209933 0.48902 0.00377485 1.18281 0.0192161 -0.28425 0.0223048
0.951 1.76273 0.0210247 0.490781 0.00378085 1.18558 0.0192505 -0.286763 0.0223436
0.952 1.76565 0.0210524 0.492546 0.00378694 1.18835 0.0192813 -0.289288 0.0223794
0.953 1.76857 0.0210761 0.494313 0.00379311 1.19114 0.0193085 -0.291799 0.0224122
0.954 1.7715 0.0210958 0.496083 0.00379936 1.19393 0.0193319 -0.294319 0.0224419
0.955 1.77444 0.0211114 0.497856 0.0038057 1.19674 0.0193515 -0.296828 0.0224684
0.956 1.77739 0.021123 0.499632 0.0038121 1.19955 0.0193673 -0.299346 0.0224918
0.957 1.78034 0.0211303 0.50141 0.00381862 1.20238 0.0193792 -0.30185 0.022512
0.958 1.78331 0.0211334 0.503192 0.00382522 1.20522 0.0193871 -0.304356 0.0225289
0.959 1.78628 0.0211323 0.504977 0.0038319 1.20806 0.0193909 -0.306871 0.0225424
0.96 1.78926 0.0211267 0.506765 0.00383866 1.21092 0.0193907 -0.309375 0.0225525
0.961 1.79225 0.0211168 0.508556 0.00384549 1.21379 0.0193863 -0.311878 0.0225592
0.962 1.79524 0.0211025 0.510349 0.0038524 1.21667 0.0193778 -0.314377 0.0225625
0.963 1.79825 0.0210836 0.512146 0.00385938 1.21957 0.019365 -0.316868 0.0225623
0.964 1.80126 0.0210603 0.513946 0.00386642 1.22247 0.0193479 -0.319368 0.0225585
0.965 1.80428 0.0210323 0.515749 0.00387354 1.22538 0.0193266 -0.321867 0.0225512
0.966 1.80731 0.0209998 0.517554 0.00388072 1.22831 0.0193008 -0.324352 0.0225402
0.967 1.81035 0.0209625 0.519363 0.00388796 1.23125 0.0192707 -0.326839 0.0225257
0.968 1.8134 0.0209206 0.521175 0.00389525 1.23419 0.0192361 -0.329335 0.0225074
0.969 1.81645 0.0208741 0.52299 0.00390261 1.23715 0.0191971 -0.33182 0.0224856
0.97 1.81952 0.0208227 0.524808 0.00391002 1.24012 0.0191536 -0.334304 0.0224601
0.971 1.82259 0.0207666 0.526629 0.00391748 1.24311 0.0191056 -0.336777 0.0224309
0.972 1.82567 0.0207057 0.528453 0.00392498 1.2461 0.0190531 -0.339259 0.022398
0.973 1.82876 0.02064 0.53028 0.00393253 1.24911 0.0189961 -0.34173 0.0223615
0.974 1.83186 0.0205695 0.532111 0.00394012 1.25212 0.0189345 -0.344213 0.0223212
0.975 1.83497 0.0204942 0.533944 0.00394775 1.25515 0.0188684 -0.346682 0.0222773
0.976 1.83809 0.0204141 0.535781 0.00395541 1.25819 0.0187978 -0.349153 0.0222298
0.977 1.84122 0.0203292 0.53762 0.0039631 1.26125 0.0187226 -0.35161 0.0221786
0.978 1.84435 0.0202395 0.539463 0.00397081 1.26431 0.0186429 -0.354079 0.0221238
0.979 1.84749 0.0201451 0.541309 0.00397855 1.26739 0.0185588 -0.356537 0.0220656
0.98 1.85065 0.0200459 0.543158 0.00398631 1.27048 0.0184702 -0.358994 0.0220037
0.981 1.85381 0.0199419 0.54501 0.00399408 1.27358 0.0183772 -0.36145 0.0219384
0.982 1.85698 0.0198333 0.546866 0.00400186 1.27669 0.0182798 -0.363908 0.0218697
0.983 1.86016 0.0197201 0.548724 0.00400965 1.27982 0.0181782 -0.366352 0.0217978
0.984 1.86335 0.0196022 0.550586 0.00401744 1.28295 0.0180723 -0.368808 0.0217225
0.985 1.86655 0.0194799 0.552451 0.00402522 1.2861 0.0179623 -0.371253 0.0216441
0.986 1.86976 0.0193532 0.554319 0.004033 1.28927 0.0178483 -0.373687 0.0215626
0.987 1.87298 0.0192221 0.556191 0.00404077 1.29244 0.0177303 -0.376133 0.0214782
0.988 1.87621 0.0190867 0.558065 0.00404852 1.29563 0.0176085 -0.378565 0.021391
0.989 1.87944 0.0189472 0.559943 0.00405626 1.29883 0.0174831 -0.380999 0.0213011
0.99 1.88269 0.0188037 0.561824 0.00406396 1.30204 0.0173541 -0.383432 0.0212086
0.991 1.88595 0.0186564 0.563708 0.00407164 1.30526 0.0172218 -0.385864 0.0211139
0.992 1.88921 0.0185053 0.565596 0.00407928 1.3085 0.0170864 -0.388288 0.0210169
0.993 1.89249 0.0183508 0.567487 0.00408688 1.31176 0.016948 -0.390701 0.0209179
0.994 1.89577 0.0181928 0.569381 0.00409444 1.31502 0.0168069 -0.393123 0.0208171
0.995 1.89907 0.0180318 0.571278 0.00410194 1.31829 0.0166634 -0.395544 0.0207148
0.996 1.90237 0.0178679 0.573179 0.0041094 1.32159 0.0165178 -0.397947 0.0206112
0.997 1.90569 0.0177013 0.575083 0.00411679 1.32489 0.0163704 -0.400359 0.0205066
0.998 1.90901 0.0175325 0.57699 0.00412411 1.32821 0.0162215 -0.40276 0.0204013
0.999 1.91235 0.0173616 0.578901 0.00413137 1.33153 0.0160716 -0.405173 0.0202956
1 1.91569 0.0171891 0.580815 0.00413855 1.33488 0.015921 -0.407565 0.0201898
